120.0,0.518,1.517,0.017,1.2255634706559992
120.0,0.513,1.98,0.017,1.4949159626721933
120.0,0.521,1.565,0.017,1.3035238916560496
120.0,0.584,1.825,0.015,1.2795011162348278
120.01,0.529,1.804,0.017,1.0252255953019689
120.02,0.565,1.685,0.015,1.0170771331095365
120.02,0.537,1.998,0.017,1.401293964615341
120.02,0.507,1.978,0.019,1.1716418489831377
120.02,0.523,1.773,0.016,1.110913513158657
120.02,0.501,1.806,0.019,1.330507871136737
120.03,0.508,1.637,0.015,1.143051084427647
120.03,0.529,1.732,0.017,1.2837626769272728
120.05,0.593,1.675,0.019,1.043781186452154
120.05,0.542,1.642,0.018,1.1124592060876022
120.05,0.516,1.775,0.015,1.416613018998469
120.06,0.554,1.542,0.017,1.3589815295786778
120.07,0.526,1.909,0.018,1.3331930711105449
120.08,0.555,1.748,0.015,1.3671795815829295
120.08,0.555,1.624,0.017,1.06132419746686
120.08,0.523,1.994,0.015,1.3989941180507548
120.09,0.53,1.775,0.019,1.4165500581857402
120.1,0.588,1.816,0.019,1.3124832007800378
120.1,0.584,1.744,0.015,1.1572347338251778
120.11,0.546,1.547,0.017,1.1589986700025525
120.11,0.59,1.877,0.018,1.0052668684846235
120.12,0.544,1.515,0.019,1.2488412483760025
120.12,0.529,1.74,0.015,1.031854676512821
120.13,0.545,1.681,0.016,1.498259274256027
120.14,0.579,1.739,0.015,1.3641924361772255
120.14,0.56,1.598,0.017,1.3780844992408772
120.15,0.557,1.85,0.016,1.2427713851939222
120.15,0.505,1.925,0.015,1.4426693996008062
120.15,0.511,1.713,0.015,1.4567360696547114
120.16,0.586,1.754,0.015,1.2773239761448831
120.17,0.584,1.799,0.018,1.156472912222042
120.18,0.599,1.985,0.018,1.2414801915104698
120.18,0.575,1.847,0.017,1.278878932174191
120.19,0.515,1.785,0.015,1.4354430155497384
120.19,0.518,1.865,0.015,1.1048408315429854
120.19,0.528,1.811,0.018,1.1656975059294876
120.2,0.518,1.838,0.017,1.2456773616382706
120.21,0.541,1.745,0.015,1.1187636541944745
120.21,0.503,1.77,0.018,1.0615071998713577
120.21,0.559,1.971,0.018,1.0228914246257148
120.21,0.514,1.797,0.018,1.3670726081892324
120.22,0.522,1.754,0.019,1.4637148866343828
120.23,0.562,1.687,0.019,1.4643861633151303
120.24,0.586,1.864,0.016,1.307981052010433
120.25,0.535,1.832,0.017,1.2667672849025144
120.25,0.545,1.801,0.015,1.1844227984813989
120.25,0.516,1.536,0.017,1.0537786339239927
120.25,0.507,1.989,0.019,1.4952964313792312
120.25,0.569,1.947,0.018,1.3323162413964589
120.25,0.522,1.811,0.017,1.043436220917352
120.26,0.506,1.716,0.015,1.3441441025291052
120.26,0.597,1.509,0.019,1.4140000183588681
120.26,0.547,1.933,0.018,1.4703468055716526
120.26,0.554,1.679,0.018,1.1994470062164952
120.27,0.593,1.732,0.019,1.33695435378473
120.27,0.513,1.62,0.017,1.1138532756232693
120.28,0.525,1.849,0.018,1.3551096539278729
120.28,0.583,1.52,0.015,1.3415186646841744
120.28,0.578,1.876,0.017,1.0645689819660165
120.28,0.516,1.587,0.018,1.0210403146155282
120.29,0.568,1.92,0.017,1.006599586793729
120.29,0.593,1.545,0.018,1.301581614499153
120.3,0.53,1.686,0.015,1.195693915559401
120.3,0.526,1.631,0.016,1.4066034245666748
120.3,0.506,1.677,0.017,1.208136616591908
120.3,0.516,1.781,0.018,1.1407916151674458
120.32,0.591,1.509,0.016,1.2572633952236112
120.32,0.552,1.595,0.015,1.490295634718374
120.32,0.573,1.525,0.018,1.444466530565359
120.33,0.549,1.671,0.017,1.1738158270878443
120.33,0.528,1.844,0.018,1.489992832033265
120.33,0.575,1.52,0.019,1.0683084144674628
120.33,0.59,1.803,0.018,1.01289098599556
120.34,0.54,1.795,0.015,1.3560958749370269
120.35,0.562,1.666,0.018,1.4192204067437666
120.36,0.519,1.666,0.015,1.294656497565128
120.38,0.591,1.894,0.018,1.4315267264124203
120.39,0.521,1.985,0.016,1.0860154756977753
120.39,0.506,1.749,0.017,1.3833421405215434
120.39,0.521,1.521,0.019,1.1589142133654087
120.39,0.531,1.605,0.016,1.4547460596546038
120.39,0.563,1.811,0.016,1.4972580443170072
120.4,0.581,1.55,0.019,1.162105792139837
120.4,0.552,1.526,0.015,1.0265520286605114
120.4,0.533,1.676,0.016,1.272992517729778
120.4,0.569,1.565,0.019,1.459465280854602
120.41,0.52,1.777,0.019,1.2343316316842314
120.41,0.551,1.693,0.017,1.0962648274534332
120.42,0.567,1.969,0.019,1.2095563952797146
120.42,0.584,1.846,0.018,1.2749419244025861
120.42,0.531,1.522,0.015,1.2286110672418544
120.43,0.514,1.883,0.016,1.2868467475280891
120.44,0.56,1.712,0.015,1.346482119795605
120.45,0.511,1.52,0.016,1.1974075719608106
120.45,0.549,1.958,0.019,1.1420071864010948
120.45,0.53,1.804,0.018,1.2420622752607615
120.45,0.501,1.733,0.016,1.4092481582353564
120.46,0.529,1.864,0.016,1.2697909835390764
120.46,0.576,1.919,0.018,1.4605354041359129
120.47,0.517,1.596,0.015,1.4195411408346776
120.47,0.518,1.879,0.016,1.3145371281910836
120.48,0.506,1.737,0.015,1.0964329428381578
120.48,0.52,1.682,0.018,1.0592417322639158
120.48,0.517,1.587,0.018,1.2386272245522871
120.48,0.597,1.512,0.019,1.0155519413390128
120.48,0.583,1.871,0.016,1.2254994889020407
120.48,0.574,1.795,0.017,1.1170145949746577
120.49,0.536,1.543,0.016,1.4846629183866038
120.49,0.502,1.812,0.018,1.4164182512744683
120.5,0.566,1.59,0.019,1.0354538725315876
120.5,0.555,1.981,0.016,1.409845552562108
120.5,0.521,1.663,0.019,1.1941198254370569
120.5,0.575,1.726,0.016,1.2104600593949237
120.5,0.502,1.94,0.015,1.0268499462304095
120.51,0.563,1.543,0.018,1.4384965652969834
120.51,0.535,1.724,0.015,1.0547283085457964
120.51,0.555,1.632,0.019,1.1413157917419872
120.51,0.557,1.523,0.019,1.300016605773902
120.51,0.553,1.652,0.019,1.1904749498429368
120.52,0.548,1.825,0.017,1.2893948385829932
120.53,0.581,1.991,0.018,1.2581307744663088
120.53,0.515,1.616,0.018,1.2918715560971976
120.55,0.578,1.54,0.018,1.0862178666299016
120.55,0.576,1.956,0.019,1.1967476401058794
120.55,0.589,1.772,0.016,1.0670656241309247
120.55,0.519,1.599,0.017,1.4374942839823537
120.56,0.537,1.575,0.018,1.2233516305271626
120.58,0.591,1.959,0.016,1.1906320176382672
120.58,0.518,1.866,0.018,1.016097534024486
120.58,0.506,1.585,0.018,1.0958635012169697
120.58,0.579,1.961,0.019,1.0485697845385367
120.59,0.521,1.538,0.017,1.398005118611899
120.59,0.537,1.616,0.017,1.2767885791722522
120.6,0.518,1.973,0.019,1.3999527363094273
120.61,0.513,1.803,0.017,1.2347230416926602
120.62,0.583,1.984,0.015,1.1911477990790191
120.62,0.573,1.566,0.019,1.0504727415176014
120.63,0.553,1.659,0.016,1.1705203695682571
120.63,0.571,1.839,0.018,1.338694567448295
120.63,0.501,1.9,0.019,1.2180828878337495
120.64,0.541,1.786,0.016,1.2878922608197927
120.65,0.572,1.577,0.017,1.4743564119816028
120.65,0.564,1.65,0.019,1.225881990960923
120.65,0.57,1.823,0.017,1.1732851461325835
120.65,0.592,1.946,0.016,1.2397296934843678
120.65,0.568,1.55,0.019,1.4326557441049528
120.67,0.575,1.61,0.017,1.385897258577078
120.68,0.52,1.516,0.019,1.472457964245786
120.68,0.546,1.821,0.018,1.4737164283883766
120.71,0.585,1.943,0.017,1.1888645509429774
120.71,0.5,1.563,0.015,1.1629773002698824
120.72,0.554,1.511,0.019,1.3930251415321506
120.73,0.504,1.971,0.018,1.335147604279757
120.74,0.527,1.915,0.018,1.3398335760682476
120.75,0.598,1.884,0.019,1.3399517486610224
120.75,0.545,1.581,0.018,1.4069029694226667
120.75,0.507,1.87,0.015,1.1775865536326535
120.76,0.519,1.972,0.018,1.3089828252084073
120.76,0.566,1.869,0.016,1.400447814454879
120.76,0.593,1.914,0.017,1.2685654979263405
120.77,0.546,1.741,0.016,1.3770321897005107
120.77,0.549,1.772,0.015,1.1002399475805542
120.78,0.551,1.989,0.015,1.473977902226818
120.8,0.51,1.981,0.015,1.4668613437688982
120.8,0.578,1.813,0.019,1.389737552647057
120.8,0.572,1.619,0.017,1.4811439210374515
120.8,0.584,1.501,0.015,1.0993029683464606
120.8,0.501,1.766,0.018,1.3139781860683972
120.8,0.514,1.531,0.019,1.0661011547495236
120.82,0.515,1.874,0.016,1.3409944134526293
120.83,0.506,1.692,0.019,1.112060205883182
120.83,0.558,1.804,0.018,1.2027567386061961
120.83,0.507,1.76,0.018,1.4937568048753544
120.84,0.505,1.635,0.015,1.2142763938608012
120.84,0.584,1.834,0.017,1.0350716779356963
120.84,0.598,1.581,0.016,1.039264610820543
120.84,0.592,1.506,0.017,1.2004159255358107
120.85,0.529,1.953,0.017,1.260243577074255
120.85,0.541,1.878,0.015,1.3858228973630267
120.85,0.521,1.943,0.018,1.1798143685199545
120.85,0.593,1.531,0.018,1.0411525174455318
120.86,0.584,1.889,0.019,1.3768236197090689
120.86,0.532,1.674,0.016,1.2237201358440495
120.86,0.507,1.573,0.015,1.1587672799783708
120.87,0.547,1.983,0.019,1.0832699138633641
120.87,0.52,1.761,0.017,1.2600837644712026
120.88,0.546,1.872,0.018,1.2759865241361765
120.89,0.534,1.992,0.017,1.4389688939721927
120.9,0.557,1.9,0.017,1.4323541089056913
120.9,0.582,1.854,0.018,1.3411020756911824
120.9,0.575,1.621,0.016,1.393007668991717
120.9,0.553,1.782,0.017,1.3596045653250424
120.91,0.588,1.888,0.015,1.3805914689318732
120.92,0.59,1.923,0.018,1.203496610213641
120.92,0.504,1.591,0.019,1.2382137973538476
120.93,0.574,1.648,0.019,1.1731758708091922
120.93,0.503,1.641,0.016,1.259240294572921
120.94,0.56,1.775,0.015,1.0378858773804613
120.94,0.565,1.504,0.016,1.3613872903105493
120.95,0.507,1.793,0.019,1.0198681081011434
120.95,0.589,1.975,0.015,1.0808150007914683
120.95,0.511,1.782,0.016,1.0184127072020925
120.96,0.541,1.79,0.016,1.3943544612992183
120.96,0.568,1.957,0.018,1.3573380948381977
120.97,0.595,1.851,0.017,1.2862532348028868
120.97,0.576,1.996,0.017,1.1143445591486065
120.97,0.523,1.727,0.019,1.1898406596014515
120.97,0.501,1.986,0.015,1.4772808219026496
120.98,0.553,1.911,0.015,1.0869374245093844
120.98,0.544,1.749,0.017,1.4421534940794696
120.99,0.557,1.645,0.015,1.3353470090562023
121.0,0.501,1.998,0.019,1.4791533298347022
121.01,0.581,1.76,0.015,1.2732274676798179
121.02,0.591,1.697,0.017,1.4882192203442712
121.03,0.537,1.722,0.015,1.4722090491316056
121.03,0.585,1.871,0.019,1.382299269015388
121.03,0.526,1.984,0.015,1.4532985405741772
121.03,0.535,1.982,0.016,1.1400093280250279
121.04,0.524,1.528,0.019,1.2761502448305229
121.04,0.553,1.698,0.016,1.0726740789167724
121.04,0.574,1.693,0.016,1.3065593183909407
121.04,0.524,1.915,0.019,1.0332931466957938
121.05,0.526,1.554,0.019,1.362745700222777
121.05,0.575,1.638,0.017,1.393426425000957
121.05,0.523,1.526,0.018,1.1620393921133154
121.05,0.535,1.967,0.018,1.403900688274844
121.06,0.552,1.721,0.019,1.2494670406801753
121.06,0.578,1.78,0.018,1.1202808630566998
121.09,0.567,1.802,0.018,1.0064863526842187
121.09,0.548,1.531,0.018,1.4012036869531181
121.09,0.546,1.983,0.019,1.0093079690889128
121.11,0.569,1.847,0.018,1.3595249525208213
121.11,0.507,1.587,0.017,1.498502929468902
121.11,0.518,1.506,0.016,1.334258059370089
121.13,0.527,1.713,0.018,1.1400557925272694
121.13,0.578,1.592,0.018,1.1751690078978796
121.13,0.55,1.547,0.017,1.0074181683657606
121.14,0.541,1.557,0.017,1.0763732560729184
121.14,0.587,1.675,0.017,1.3504542644300213
121.14,0.544,1.806,0.019,1.4995446709083795
121.15,0.526,1.855,0.018,1.1843184554701744
121.15,0.528,1.66,0.018,1.1083117735108146
121.16,0.5,1.902,0.018,1.0948819262956753
121.17,0.568,1.743,0.017,1.2051011617248595
121.17,0.598,1.892,0.018,1.2321813905936232
121.18,0.547,1.515,0.019,1.4384768514956998
121.19,0.572,1.581,0.016,1.4325238796015662
121.19,0.582,1.927,0.015,1.2212658466603097
121.19,0.522,1.741,0.018,1.2329824121366855
121.2,0.532,1.734,0.019,1.0274532482361534
121.2,0.515,1.639,0.017,1.0434215276549899
121.2,0.57,1.515,0.015,1.1984084440765217
121.21,0.556,1.591,0.016,1.4869475995303363
121.21,0.517,1.922,0.015,1.472860365924995
121.21,0.595,1.755,0.015,1.2498661898164969
121.21,0.526,1.632,0.019,1.075783896506149
121.21,0.565,1.755,0.015,1.063999328734806
121.21,0.504,1.866,0.019,1.293686573199772
121.22,0.574,1.674,0.016,1.3934986562173055
121.22,0.521,1.633,0.015,1.0657843689391653
121.22,0.56,1.716,0.018,1.472781526399043
121.23,0.597,1.663,0.019,1.0899868577272178
121.23,0.514,1.982,0.017,1.296082486442498
121.24,0.584,1.937,0.018,1.489236570671933
121.24,0.543,1.709,0.018,1.3207894865290322
121.24,0.512,1.7,0.016,1.4031386492401614
121.24,0.549,1.696,0.016,1.254890064541284
121.24,0.551,1.995,0.015,1.2175112943974866
121.25,0.563,1.806,0.018,1.2250306961434114
121.25,0.551,1.668,0.017,1.2275217682148352
121.25,0.533,1.823,0.015,1.258681657961782
121.25,0.552,1.981,0.019,1.1535230480561207
121.26,0.53,1.982,0.016,1.3009112501912137
121.27,0.531,1.897,0.015,1.1250832702359752
121.27,0.56,1.979,0.017,1.1348358333478135
121.28,0.571,1.827,0.018,1.3065906721038356
121.28,0.537,1.848,0.015,1.4765365622622264
121.29,0.544,1.969,0.017,1.2691807337595136
121.3,0.501,1.524,0.016,1.063656625542167
121.31,0.502,1.567,0.019,1.3938452546116515
121.32,0.531,1.814,0.015,1.124999031364495
121.32,0.504,1.733,0.017,1.1068882002911136
121.33,0.518,1.68,0.019,1.1133821601899823
121.34,0.525,1.612,0.018,1.450546781227219
121.34,0.579,1.759,0.018,1.4640884803655245
121.34,0.56,1.976,0.019,1.3939351603862957
121.34,0.544,1.882,0.019,1.0848212139355529
121.34,0.582,1.712,0.018,1.0842787612310434
121.34,0.527,1.791,0.018,1.3323765462680361
121.34,0.54,1.841,0.017,1.4444550956799913
121.35,0.538,1.867,0.019,1.1207534333180655
121.36,0.548,1.727,0.015,1.3303236654766386
121.37,0.521,1.957,0.016,1.3244640146525062
121.37,0.507,1.823,0.015,1.0320756155659232
121.38,0.535,1.883,0.015,1.321864632612655
121.39,0.542,1.674,0.017,1.45588297423829
121.4,0.547,1.698,0.015,1.1020898400196555
121.4,0.525,1.747,0.018,1.2672100568754954
121.4,0.547,1.928,0.017,1.469505321635139
121.4,0.518,1.978,0.019,1.1719426083289726
121.41,0.554,1.981,0.016,1.0531233384184782
121.43,0.555,1.507,0.019,1.4265271481140889
121.43,0.513,1.521,0.018,1.3360957475391233
121.43,0.598,1.644,0.018,1.3324750646183912
121.45,0.561,1.626,0.016,1.1576121957355123
121.46,0.556,1.779,0.015,1.1751638527408772
121.46,0.545,1.519,0.017,1.4529465992471988
121.46,0.542,1.864,0.017,1.1416293092185286
121.46,0.594,1.809,0.019,1.4521955609849433
121.47,0.58,1.917,0.019,1.1906466267511675
121.47,0.524,1.871,0.015,1.4727088694050043
121.47,0.571,1.641,0.015,1.4590438493870317
121.47,0.532,1.632,0.017,1.382333342575481
121.48,0.566,1.889,0.018,1.4969202923291265
121.48,0.564,1.611,0.016,1.41754391957257
121.48,0.522,1.756,0.018,1.4245226533715587
121.48,0.512,1.73,0.016,1.165375941625964
121.49,0.591,1.893,0.015,1.1675376376348106
121.49,0.571,1.572,0.018,1.4684209929754792
121.49,0.536,1.716,0.018,1.1341475181413485
121.49,0.516,1.66,0.019,1.443587510613227
121.5,0.585,1.956,0.017,1.110455574583399
121.5,0.592,1.511,0.019,1.4678662105343427
121.52,0.502,1.924,0.015,1.3785149806762216
121.54,0.558,1.55,0.016,1.0595840505075125
121.54,0.54,1.929,0.015,1.3964323071631846
121.55,0.553,1.944,0.019,1.2748282500244001
121.55,0.511,1.837,0.015,1.3474774555149969
121.56,0.596,1.55,0.016,1.2678648439846185
121.56,0.545,1.654,0.017,1.1471107388514437
121.56,0.513,1.551,0.018,1.0708504890879826
121.56,0.545,1.924,0.015,1.2030729924573837
121.56,0.595,1.57,0.017,1.262894251028282
121.56,0.559,1.557,0.017,1.297677291124027
121.57,0.521,1.969,0.018,1.2471036191079485
121.57,0.558,1.909,0.017,1.018397125512633
121.57,0.531,1.591,0.015,1.0027444420892282
121.57,0.536,1.89,0.018,1.2684213627341974
121.58,0.513,1.884,0.018,1.4437006184202252
121.59,0.519,1.973,0.016,1.3812170284851883
121.6,0.582,1.511,0.017,1.0432716538482167
121.6,0.534,1.519,0.017,1.12505214785329
121.6,0.531,1.715,0.019,1.0648059866605752
121.6,0.581,1.579,0.018,1.274591793808431
121.6,0.553,1.504,0.019,1.0275369202027678
121.61,0.5,1.998,0.019,1.426198439413708
121.61,0.581,1.982,0.017,1.4020907537446823
121.61,0.585,1.857,0.017,1.2471000974488615
121.62,0.517,1.754,0.018,1.2387538908776663
121.62,0.547,1.621,0.017,1.2769783989226982
121.63,0.59,1.717,0.019,1.3042192793914915
121.63,0.503,1.594,0.018,1.2477522778634047
121.63,0.587,1.527,0.019,1.035528341130523
121.63,0.557,1.525,0.016,1.2504532696013284
121.63,0.559,1.705,0.019,1.4448672485494998
121.64,0.576,1.564,0.019,1.2661547525387034
121.64,0.554,1.988,0.016,1.35665280501382
121.65,0.532,1.712,0.019,1.111333269608208
121.65,0.522,1.565,0.016,1.1305573669824982
121.65,0.576,1.815,0.019,1.3655772165982651
121.65,0.568,1.574,0.019,1.2096842316173355
121.65,0.549,1.863,0.016,1.0880358007345763
121.66,0.533,1.608,0.016,1.1544655017299337
121.66,0.549,1.8,0.019,1.1036503020651804
121.68,0.545,1.635,0.017,1.1293629038963309
121.68,0.528,1.928,0.016,1.2680629159437724
121.68,0.597,1.765,0.018,1.0520896251921334
121.68,0.509,1.953,0.017,1.0511318402718248
121.68,0.599,1.506,0.017,1.4963654513281073
121.69,0.59,1.798,0.016,1.3406386236010437
121.69,0.588,1.543,0.017,1.0072777941538624
121.69,0.503,1.905,0.017,1.3028282852493889
121.7,0.561,1.705,0.016,1.0831407523907233
121.7,0.536,1.534,0.018,1.1425885287061295
121.7,0.544,1.694,0.017,1.3457887331604719
121.72,0.574,1.786,0.019,1.3554177588405758
121.73,0.565,1.705,0.017,1.2936792323146298
121.73,0.538,1.8,0.016,1.4856263625524604
121.73,0.501,1.867,0.018,1.326584544636294
121.73,0.513,1.937,0.016,1.1866778400808464
121.74,0.554,1.901,0.015,1.0303698335108056
121.74,0.555,1.502,0.015,1.377138467367121
121.74,0.571,1.709,0.016,1.0473031567011106
121.74,0.523,1.974,0.015,1.3793318493824152
121.74,0.564,1.952,0.015,1.235592272747046
121.75,0.557,1.749,0.019,1.4167515351337712
121.76,0.577,1.675,0.016,1.1498819877248594
121.76,0.564,1.777,0.016,1.2477544204795037
121.76,0.53,1.803,0.018,1.01101228289827
121.76,0.524,1.939,0.019,1.1485627980603081
121.76,0.584,1.693,0.015,1.4518739644179652
121.77,0.565,1.714,0.018,1.1881124641856293
121.77,0.587,1.737,0.017,1.2091398288231157
121.78,0.515,1.927,0.016,1.413344848274599
121.79,0.534,1.618,0.017,1.403146237773545
121.79,0.582,1.551,0.016,1.456719991485781
121.8,0.501,1.512,0.019,1.4484691036334818
121.8,0.555,1.93,0.017,1.2639579184614358
121.83,0.589,1.671,0.016,1.1197921446331192
121.83,0.52,1.738,0.015,1.0762319926783226
121.84,0.515,1.521,0.017,1.0807512044390575
121.84,0.561,1.687,0.016,1.4659402069480851
121.84,0.596,1.515,0.015,1.3256604333491748
121.84,0.576,1.535,0.015,1.1338283805393226
121.85,0.515,1.843,0.015,1.1704296705420305
121.85,0.568,1.73,0.018,1.4790205330452508
121.86,0.541,1.628,0.018,1.1362084377596537
121.87,0.51,1.52,0.016,1.13243040905839
121.87,0.595,1.984,0.017,1.198786020523086
121.87,0.587,1.784,0.016,1.190161676734125
121.87,0.533,1.556,0.019,1.3989447249134788
121.87,0.52,1.826,0.016,1.3248669515975544
121.88,0.567,1.907,0.015,1.08527265778992
121.88,0.502,1.524,0.015,1.4692553663071404
121.89,0.516,1.714,0.018,1.0452781356313747
121.89,0.582,1.695,0.019,1.2810935519401487
121.91,0.57,1.567,0.018,1.1798387281389753
121.91,0.531,1.956,0.017,1.3030081358334213
121.92,0.557,1.779,0.016,1.4950259047762848
121.92,0.571,1.713,0.016,1.1342931575586652
121.92,0.534,1.632,0.016,1.1017612693084917
121.92,0.579,1.939,0.017,1.0651039392362653
121.92,0.516,1.663,0.019,1.3726043808739683
121.93,0.576,1.82,0.019,1.4367848405262182
121.93,0.597,1.876,0.017,1.0429813488723767
121.94,0.526,1.688,0.019,1.2225734997138518
121.95,0.557,1.633,0.018,1.0069897522320201
121.95,0.578,1.663,0.019,1.3846370895233964
121.95,0.57,1.51,0.017,1.0833266651936149
121.95,0.55,1.605,0.017,1.1848079587541027
121.95,0.522,1.737,0.018,1.2196109457205222
121.96,0.599,1.994,0.016,1.4936187882271823
121.96,0.54,1.581,0.015,1.065031835740888
121.97,0.563,1.911,0.017,1.2916165586799895
121.97,0.571,1.806,0.019,1.2268450176469798
121.97,0.519,1.957,0.016,1.4167997837747581
121.97,0.545,1.89,0.016,1.3397841160925563
121.98,0.597,1.735,0.016,1.44573603402041
121.98,0.581,1.568,0.015,1.2557988309964743
121.98,0.552,1.558,0.015,1.0567081351239302
121.99,0.566,1.829,0.016,1.1394228728274647
121.99,0.598,1.985,0.017,1.1961331920204004
121.99,0.577,1.662,0.019,1.0342234068007754
122.01,0.557,1.727,0.015,1.230384679622485
122.01,0.5,1.694,0.019,1.3877946618022206
122.02,0.576,1.808,0.016,1.3824232116877464
122.02,0.541,1.733,0.019,1.3713452296392123
122.02,0.519,1.533,0.017,1.0618675531020751
122.02,0.505,1.909,0.019,1.2301659562642722
122.03,0.577,1.517,0.016,1.2282063745108673
122.03,0.516,1.798,0.016,1.3313218817777372
122.04,0.538,1.6,0.018,1.4132228884638185
122.04,0.584,1.552,0.017,1.3517854963786267
122.05,0.57,1.611,0.019,1.0137778533433297
122.05,0.577,1.676,0.015,1.4692804639744426
122.05,0.572,1.662,0.017,1.1482071035573513
122.06,0.506,1.628,0.019,1.2095752956761432
122.07,0.502,1.729,0.015,1.276939695523394
122.07,0.515,1.771,0.018,1.377197495103545
122.07,0.541,1.941,0.015,1.1545958406602033
122.07,0.598,1.624,0.019,1.0249706039868134
122.09,0.545,1.951,0.017,1.2328628193743736
122.12,0.53,1.571,0.018,1.1058701201131909
122.12,0.508,1.565,0.015,1.2089439186951971
122.14,0.537,1.976,0.017,1.2360635382202858
122.14,0.532,1.935,0.015,1.3445777512923638
122.15,0.516,1.799,0.017,1.2022451108484473
122.15,0.517,1.917,0.015,1.0300351810884854
122.16,0.596,1.953,0.016,1.2185741271731503
122.16,0.568,1.858,0.015,1.2706508019866645
122.16,0.514,1.853,0.017,1.191414288378039
122.17,0.507,1.575,0.018,1.191843996148048
122.17,0.56,1.967,0.016,1.3387409726475774
122.17,0.553,1.558,0.016,1.0534103575069098
122.17,0.515,1.865,0.019,1.1316520727156631
122.18,0.548,1.562,0.019,1.0960868320297315
122.18,0.546,1.856,0.017,1.0218612480776983
122.19,0.528,1.649,0.019,1.3241411126819462
122.2,0.555,1.621,0.019,1.426184900003717
122.21,0.563,1.667,0.018,1.3464391231049506
122.22,0.531,1.691,0.019,1.4977464493934303
122.22,0.555,1.551,0.019,1.175862794598193
122.23,0.571,1.789,0.015,1.191083346018268
122.23,0.552,1.939,0.018,1.2048854796694362
122.24,0.582,1.577,0.019,1.3657025410142194
122.24,0.528,1.534,0.017,1.063635702603265
122.24,0.557,1.879,0.018,1.1782289568313493
122.24,0.572,1.647,0.018,1.1248836367658508
122.27,0.509,1.507,0.019,1.496983168509312
122.28,0.547,1.521,0.018,1.280782052009486
122.28,0.599,1.937,0.018,1.4118148706700866
122.3,0.529,1.521,0.019,1.1849627310773605
122.3,0.51,1.551,0.018,1.3852603632522844
122.3,0.55,1.501,0.019,1.3069768828230464
122.31,0.543,1.848,0.019,1.1531675408659359
122.31,0.578,1.66,0.018,1.1097942996777288
122.31,0.55,1.83,0.018,1.420615124394506
122.32,0.555,1.764,0.015,1.3692798431182742
122.33,0.57,1.86,0.017,1.0813227593538115
122.33,0.594,1.618,0.017,1.0389403486447615
122.34,0.542,1.575,0.019,1.4800992384021063
122.36,0.592,1.682,0.017,1.1665960068849108
122.36,0.51,1.602,0.015,1.059465819077348
122.37,0.594,1.794,0.015,1.3338665897073514
122.38,0.509,1.799,0.016,1.0426171645918636
122.39,0.557,1.97,0.017,1.4904789055706287
122.4,0.565,1.535,0.015,1.275703595903631
122.4,0.553,1.761,0.018,1.017321541193383
122.41,0.553,1.917,0.016,1.1096781469916241
122.41,0.594,1.936,0.018,1.0426475080456044
122.41,0.561,1.982,0.019,1.403793282779089
122.42,0.558,1.737,0.016,1.2005969755777692
122.43,0.557,1.926,0.019,1.0272725098820348
122.44,0.527,1.611,0.015,1.169048288100997
122.44,0.573,1.881,0.016,1.4294462874674578
122.44,0.528,1.66,0.017,1.0380070407390993
122.44,0.518,1.73,0.019,1.4326668010481063
122.45,0.543,1.742,0.017,1.0748532509796587
122.45,0.545,1.61,0.018,1.19284081979682
122.45,0.598,1.82,0.018,1.2189808787386833
122.46,0.508,1.859,0.016,1.4648052480248217
122.47,0.512,1.543,0.015,1.2166093544523053
122.48,0.547,1.737,0.019,1.4399656063572426
122.48,0.575,1.583,0.019,1.1321486573798658
122.48,0.519,1.9,0.017,1.4954006207464214
122.49,0.579,1.666,0.018,1.0738848283411002
122.49,0.558,1.599,0.015,1.4599106091326584
122.52,0.519,1.872,0.016,1.0915622059951926
122.52,0.508,1.875,0.019,1.461696842362857
122.52,0.59,1.545,0.019,1.0428158352252441
122.53,0.512,1.951,0.017,1.0016959233232547
122.53,0.52,1.964,0.018,1.114654378407143
122.53,0.588,1.687,0.016,1.0870777256497537
122.54,0.578,1.923,0.017,1.2072922811759499
122.54,0.556,1.895,0.017,1.33100594532873
122.55,0.569,1.665,0.018,1.496472771364947
122.55,0.549,1.685,0.017,1.4564144068021352
122.56,0.536,1.837,0.016,1.08914965571263
122.56,0.551,1.887,0.019,1.0844224406201832
122.57,0.502,1.603,0.017,1.1879209260909198
122.57,0.523,1.679,0.016,1.179531381785894
122.57,0.555,1.897,0.019,1.047238959683157
122.57,0.504,1.749,0.017,1.199184790985191
122.58,0.556,1.565,0.016,1.2994972066264432
122.58,0.555,1.818,0.017,1.0461436564835913
122.58,0.52,1.645,0.015,1.2293667087544558
122.58,0.558,1.901,0.018,1.1469207510206072
122.58,0.55,1.546,0.015,1.200158333942638
122.59,0.515,1.88,0.018,1.4086791668271892
122.59,0.589,1.559,0.018,1.0563527448829926
122.59,0.564,1.63,0.019,1.1096729556668197
122.59,0.557,1.783,0.017,1.0277624075942862
122.61,0.519,1.929,0.017,1.128532117690273
122.61,0.524,1.706,0.015,1.0733976785665473
122.61,0.578,1.549,0.017,1.2936927024578062
122.62,0.551,1.572,0.017,1.0418398612304758
122.64,0.569,1.626,0.017,1.304353639466939
122.64,0.597,1.757,0.016,1.164835168385205
122.64,0.581,1.745,0.018,1.299614845036061
122.66,0.563,1.967,0.016,1.4587534885727194
122.69,0.573,1.595,0.019,1.0271857147896222
122.7,0.563,1.75,0.019,1.285076833534483
122.7,0.517,1.511,0.016,1.1069053762483796
122.71,0.522,1.972,0.016,1.1303522775314003
122.71,0.513,1.513,0.019,1.0865745973126941
122.71,0.516,1.555,0.018,1.085468870643331
122.72,0.504,1.51,0.016,1.0797655114829228
122.75,0.524,1.704,0.016,1.180859180771359
122.76,0.537,1.712,0.015,1.3596485169871078
122.76,0.591,1.862,0.017,1.4589529965690784
122.77,0.522,1.88,0.017,1.0539495779816317
122.77,0.515,1.772,0.019,1.1184715351473924
122.77,0.574,1.834,0.018,1.3246038275544005
122.78,0.582,1.763,0.019,1.0281691393810732
122.78,0.527,1.854,0.015,1.4048655049175525
122.81,0.586,1.778,0.017,1.381996516376095
122.82,0.528,1.862,0.015,1.258488503651575
122.83,0.533,1.765,0.018,1.456160369915762
122.83,0.566,1.941,0.016,1.237785902290881
122.83,0.52,1.601,0.019,1.3822288683505608
122.83,0.513,1.879,0.015,1.261630762434254
122.84,0.561,1.532,0.019,1.0688046730892027
122.84,0.53,1.885,0.015,1.4821467186731372
122.85,0.504,1.788,0.016,1.084366243189983
122.85,0.51,1.885,0.015,1.2860392308482014
122.85,0.505,1.603,0.018,1.2931232073287897
122.85,0.547,1.669,0.017,1.3699157125051196
122.86,0.503,1.699,0.015,1.3590751152208758
122.86,0.571,1.593,0.018,1.043455070011224
122.87,0.581,1.77,0.017,1.380873940408278
122.87,0.573,1.79,0.015,1.1125090057071971
122.88,0.535,1.963,0.016,1.0518898240008636
122.89,0.545,1.712,0.017,1.2371257654337902
122.89,0.583,1.839,0.017,1.3820389044496024
122.89,0.524,1.58,0.018,1.326812478803294
122.91,0.515,1.554,0.016,1.248423000358111
122.91,0.581,1.872,0.018,1.2698476996334587
122.91,0.596,1.788,0.019,1.252376256044659
122.91,0.558,1.602,0.019,1.4061452855271026
122.92,0.533,1.548,0.018,1.1835771239706554
122.93,0.535,1.877,0.019,1.2634453091194295
122.94,0.531,1.967,0.019,1.3341733222024275
122.94,0.541,1.71,0.016,1.182317551050192
122.95,0.532,1.904,0.017,1.014701789312275
122.95,0.563,1.636,0.015,1.2889549282385957
122.95,0.599,1.922,0.018,1.3276087699969576
122.96,0.529,1.673,0.017,1.3926362383618662
122.96,0.576,1.872,0.016,1.3711456282503747
122.96,0.51,1.867,0.019,1.3271097176529207
122.96,0.567,1.966,0.019,1.0319906295174175
122.97,0.587,1.867,0.018,1.4940990895536133
122.97,0.571,1.698,0.019,1.1019961952731456
122.97,0.547,1.759,0.019,1.1571640480230534
122.97,0.591,1.968,0.018,1.186014309587963
122.98,0.575,1.838,0.015,1.488637382413034
122.98,0.594,1.891,0.019,1.102265261044447
122.98,0.584,1.566,0.015,1.0587761737233026
122.98,0.575,1.655,0.019,1.4600122348619715
122.98,0.579,1.6,0.019,1.2874933678144356
122.99,0.538,1.649,0.017,1.210030830945642
122.99,0.554,1.927,0.018,1.2508763576888535
123.0,0.599,1.505,0.019,1.2155763219787081
123.01,0.536,1.568,0.016,1.2196022808991909
123.01,0.508,1.636,0.019,1.3878393644029263
123.02,0.521,1.952,0.016,1.284000221231792
123.03,0.581,1.893,0.017,1.2477204142902152
123.03,0.575,1.937,0.015,1.4400026593946902
123.03,0.549,1.538,0.015,1.1085724219497324
123.04,0.543,1.83,0.017,1.3831155125956949
123.04,0.595,1.843,0.018,1.0522516932757393
123.05,0.529,1.857,0.018,1.2345806826421204
123.06,0.519,1.594,0.018,1.0410351307230497
123.07,0.504,1.933,0.016,1.498828188030832
123.08,0.535,1.91,0.018,1.3275712747522073
123.08,0.595,1.585,0.016,1.312098229179603
123.08,0.518,1.96,0.019,1.1483063182515414
123.1,0.542,1.542,0.017,1.3365554976891425
123.11,0.543,1.651,0.019,1.1743789549197428
123.11,0.504,1.529,0.017,1.2676872127761687
123.11,0.516,1.708,0.017,1.4698540949559382
123.12,0.52,1.642,0.017,1.3649166425334776
123.12,0.564,1.561,0.019,1.0999353702866186
123.13,0.597,1.866,0.016,1.4816393661175333
123.13,0.521,1.999,0.018,1.0292898261026537
123.13,0.528,1.881,0.015,1.3595440487227537
123.13,0.549,1.542,0.015,1.089799324087577
123.14,0.52,1.581,0.018,1.1381427934544432
123.14,0.572,1.611,0.016,1.1939565809318806
123.14,0.542,1.936,0.016,1.0422254413822551
123.14,0.529,1.919,0.017,1.408248803530262
123.15,0.517,1.806,0.016,1.0856441496693185
123.16,0.524,1.522,0.017,1.1121608703763115
123.16,0.571,1.981,0.017,1.4427613259599705
123.17,0.562,1.741,0.019,1.4816115774477439
123.17,0.581,1.687,0.018,1.2208981787050113
123.17,0.501,1.753,0.019,1.1091298527925326
123.17,0.58,1.976,0.016,1.1242233420452916
123.19,0.563,1.833,0.018,1.260029432189968
123.19,0.584,1.887,0.015,1.2579042155291245
123.19,0.547,1.911,0.015,1.211296133189566
123.2,0.568,1.543,0.017,1.0930562552198626
123.22,0.541,1.5,0.017,1.4898949944040059
123.22,0.537,1.581,0.018,1.1958045028721176
123.23,0.513,1.858,0.016,1.0185885602828608
123.23,0.565,1.806,0.017,1.2529571726718804
123.24,0.597,1.913,0.018,1.223714520311402
123.24,0.512,1.974,0.019,1.0542048954160197
123.26,0.514,1.668,0.019,1.4781335463978218
123.26,0.551,1.87,0.015,1.481237436174151
123.26,0.519,1.928,0.016,1.0134721866819483
123.27,0.524,1.798,0.017,1.4618861069438565
123.27,0.575,1.511,0.015,1.2890118211562114
123.28,0.519,1.941,0.018,1.1788692818954112
123.28,0.572,1.557,0.016,1.388033862852693
123.28,0.589,1.636,0.018,1.3197328986789638
123.29,0.588,1.849,0.019,1.4094881814605913
123.3,0.583,1.661,0.016,1.2863898654825114
123.3,0.594,1.837,0.015,1.321363940250051
123.3,0.598,1.75,0.015,1.1532592649657503
123.3,0.517,1.924,0.016,1.3428997283794892
123.3,0.508,1.746,0.016,1.0867811268973189
123.31,0.547,1.936,0.015,1.0621328986117098
123.31,0.544,1.95,0.015,1.0821204567160636
123.31,0.555,1.539,0.017,1.3743846878647394
123.31,0.568,1.589,0.017,1.1824329546496681
123.32,0.563,1.897,0.016,1.1248303302361997
123.32,0.508,1.518,0.015,1.2958889023473938
123.32,0.536,1.729,0.015,1.1874549038354352
123.33,0.588,1.924,0.016,1.240983022128831
123.34,0.531,1.659,0.016,1.2641442250691228
123.34,0.583,1.791,0.018,1.4915015164204275
123.34,0.52,1.536,0.018,1.0143708144875627
123.35,0.5,1.898,0.018,1.3927127796555958
123.35,0.517,1.754,0.019,1.4253568383910928
123.35,0.55,1.825,0.017,1.2824799431477671
123.35,0.506,1.94,0.015,1.35909376234288
123.36,0.593,1.748,0.015,1.4866458998807313
123.36,0.582,1.539,0.019,1.1427353858250342
123.36,0.558,1.985,0.016,1.3438952765030576
123.37,0.596,1.894,0.018,1.3531664277548596
123.37,0.574,1.661,0.019,1.304074332511854
123.38,0.544,1.719,0.017,1.4632993963930487
123.38,0.593,1.969,0.017,1.4166712301097704
123.38,0.537,1.715,0.018,1.0166758110381127
123.38,0.507,1.755,0.015,1.2816118972318036
123.39,0.511,1.924,0.016,1.3450302970228518
123.4,0.589,1.733,0.016,1.354538990870009
123.4,0.53,1.627,0.018,1.4141442272226283
123.4,0.577,1.671,0.016,1.006690319973219
123.42,0.58,1.868,0.015,1.4557860526849222
123.43,0.52,1.908,0.019,1.2474997887909616
123.43,0.58,1.559,0.017,1.1618617137119438
123.43,0.562,1.763,0.016,1.0324200606308
123.43,0.523,1.729,0.019,1.4609020858384079
123.44,0.566,1.52,0.018,1.1267917043095195
123.44,0.583,1.566,0.019,1.2252437704572317
123.44,0.514,1.993,0.015,1.1822749655672609
123.44,0.592,1.595,0.016,1.2231338257857503
123.45,0.551,1.791,0.015,1.2481463726477386
123.46,0.562,1.892,0.019,1.2404561067619193
123.48,0.522,1.538,0.015,1.2540615903023544
123.48,0.536,1.505,0.018,1.4928438706871858
123.49,0.554,1.594,0.019,1.1764976998469443
123.49,0.569,1.906,0.019,1.1501388329249096
123.49,0.547,1.97,0.017,1.381813343403428
123.5,0.501,1.708,0.017,1.2604670974344085
123.5,0.515,1.571,0.015,1.4537110368538197
123.5,0.573,1.786,0.019,1.2403863597297013
123.51,0.548,1.947,0.015,1.1535757623235856
123.53,0.557,1.697,0.017,1.0106419928481944
123.54,0.509,1.626,0.018,1.2750217554251466
123.54,0.524,1.964,0.018,1.3089422270949367
123.54,0.591,1.698,0.016,1.3719389177793537
123.55,0.549,1.924,0.016,1.0935931363739961
123.56,0.561,1.544,0.017,1.4995956439966607
123.56,0.553,1.939,0.016,1.270006770588399
123.56,0.546,1.537,0.019,1.1998721919754183
123.56,0.545,1.68,0.016,1.4312410025097628
123.57,0.589,1.96,0.019,1.2611909845647087
123.58,0.588,1.518,0.019,1.2915566240068406
123.59,0.591,1.854,0.017,1.0732521353343116
123.59,0.548,1.958,0.016,1.2700064389771382
123.59,0.5,1.747,0.015,1.4927534328705752
123.59,0.521,1.653,0.018,1.3110655372561701
123.6,0.546,1.964,0.019,1.075174137919595
123.62,0.566,1.823,0.019,1.2079024410669956
123.62,0.556,1.67,0.016,1.4354928473984283
123.62,0.564,1.764,0.018,1.404336820962527
123.63,0.54,1.515,0.018,1.3728759567792483
123.63,0.539,1.86,0.018,1.1022319902019841
123.64,0.587,1.871,0.019,1.098072573443041
123.64,0.545,1.549,0.015,1.2784103842025902
123.64,0.506,1.733,0.019,1.2614907183434325
123.67,0.585,1.662,0.016,1.0937526070891472
123.67,0.566,1.959,0.019,1.0830989463245744
123.67,0.525,1.865,0.018,1.4713678337293556
123.68,0.598,1.876,0.016,1.410510528834615
123.69,0.565,1.863,0.019,1.0344637556345242
123.69,0.552,1.517,0.018,1.18436595961954
123.7,0.58,1.919,0.016,1.1971005794254954
123.71,0.503,1.92,0.019,1.3524367282659426
123.71,0.58,1.749,0.019,1.3630717991318448
123.71,0.511,1.661,0.016,1.4123122342806065
123.72,0.566,1.565,0.015,1.3563675908002082
123.72,0.534,1.734,0.015,1.101682341300394
123.73,0.539,1.906,0.016,1.361581283901381
123.73,0.537,1.848,0.017,1.1810001295814732
123.73,0.523,1.813,0.019,1.329722041580683
123.74,0.591,1.937,0.019,1.41036282677261
123.74,0.511,1.66,0.016,1.442603759771689
123.74,0.562,1.541,0.015,1.4089142963478487
123.75,0.595,1.773,0.018,1.3229157761490444
123.75,0.5,1.621,0.015,1.2020864628254262
123.76,0.504,1.946,0.018,1.2525345228107543
123.76,0.558,1.617,0.016,1.1689442305835631
123.77,0.596,1.855,0.017,1.4054658446560024
123.77,0.56,1.914,0.019,1.31317734800294
123.77,0.503,1.547,0.018,1.4138313643879377
123.77,0.53,1.638,0.015,1.1888328794259486
123.78,0.595,1.81,0.017,1.220966989025411
123.78,0.597,1.736,0.015,1.0052686347730753
123.78,0.536,1.917,0.016,1.0567384497903773
123.78,0.514,1.715,0.015,1.4799971094414208
123.79,0.552,1.584,0.017,1.2367463839683335
123.79,0.56,1.634,0.017,1.2991144939496193
123.81,0.558,1.727,0.017,1.036240832036638
123.81,0.527,1.642,0.016,1.0475009059650222
123.81,0.556,1.733,0.019,1.4985505411494224
123.82,0.553,1.735,0.017,1.080487443997117
123.82,0.588,1.941,0.018,1.1568201733820778
123.82,0.554,1.745,0.016,1.3669228872499692
123.82,0.51,1.651,0.017,1.2124910160426503
123.82,0.538,1.887,0.019,1.1369816871387086
123.83,0.559,1.983,0.016,1.0906099093731334
123.84,0.512,1.733,0.017,1.128662049045372
123.86,0.541,1.961,0.018,1.215752057104134
123.87,0.547,1.976,0.019,1.0933035676314156
123.88,0.538,1.881,0.019,1.3337373501382759
123.88,0.569,1.658,0.017,1.1635058202848922
123.89,0.546,1.883,0.018,1.1424864659986547
123.89,0.515,1.921,0.015,1.1741436618515266
123.89,0.524,1.639,0.015,1.2083554557526976
123.9,0.576,1.642,0.017,1.0474568034516336
123.9,0.533,1.818,0.015,1.3378934921975183
123.9,0.58,1.953,0.017,1.3943635940620855
123.9,0.587,1.561,0.017,1.43119796433686
123.91,0.532,1.864,0.016,1.3311285667579482
123.91,0.569,1.653,0.015,1.441266722013003
123.92,0.588,1.925,0.017,1.0321856119636597
123.92,0.541,1.634,0.017,1.2346866169942174
123.93,0.511,1.52,0.017,1.4498580134741146
123.93,0.524,1.653,0.019,1.3888767814438048
123.93,0.543,1.877,0.015,1.1980947252651084
123.95,0.528,1.722,0.017,1.262396364061853
123.95,0.543,1.93,0.018,1.2964703936370705
123.95,0.521,1.985,0.019,1.4531704220670667
123.96,0.528,1.899,0.016,1.240739482436492
123.96,0.566,1.632,0.018,1.2185292960801464
123.96,0.518,1.808,0.018,1.4594181375487005
123.96,0.551,1.963,0.016,1.3499919283439836
123.97,0.566,1.603,0.015,1.2986312754427876
123.97,0.519,1.638,0.019,1.4562577707067526
123.97,0.598,1.852,0.019,1.1223031219770743
123.97,0.575,1.693,0.017,1.3287664968711281
123.99,0.577,1.629,0.018,1.4816716500422944
124.0,0.588,1.521,0.018,1.3360842491677236
124.0,0.599,1.702,0.015,1.252620492361777
124.01,0.583,1.946,0.019,1.0694257350210634
124.02,0.598,1.902,0.017,1.0845939311548252
124.02,0.537,1.835,0.015,1.2781103792424426
124.02,0.556,1.856,0.018,1.0438836142889858
124.02,0.573,1.581,0.015,1.3206189726011455
124.04,0.578,1.593,0.016,1.3087726190553737
124.04,0.542,1.532,0.017,1.0386603719188696
124.05,0.584,1.789,0.018,1.4722494342496044
124.06,0.546,1.604,0.015,1.2208981151869134
124.07,0.589,1.902,0.019,1.0813838886080123
124.07,0.599,1.884,0.019,1.174192060770723
124.07,0.53,1.591,0.015,1.3062612013963188
124.07,0.574,1.627,0.016,1.3385968909071309
124.08,0.554,1.718,0.018,1.142023146953717
124.09,0.51,1.928,0.019,1.3893605461121386
124.09,0.543,1.528,0.017,1.1045603854344086
124.1,0.576,1.591,0.015,1.0828868116208286
124.12,0.517,1.935,0.019,1.0235518242065795
124.12,0.568,1.641,0.019,1.317988488647139
124.12,0.564,1.879,0.017,1.2708456371744117
124.12,0.5,1.749,0.017,1.1569696906559226
124.12,0.525,1.503,0.019,1.3706922607007344
124.13,0.521,1.551,0.019,1.2878403508326193
124.14,0.597,1.668,0.019,1.2157427747618168
124.14,0.535,1.66,0.018,1.3966533780648867
124.14,0.591,1.921,0.015,1.4305472108607522
124.14,0.588,1.832,0.018,1.4778329021597643
124.15,0.538,1.694,0.018,1.48250480533957
124.16,0.513,1.501,0.017,1.3803453120050482
124.16,0.505,1.815,0.017,1.0701887135500545
124.16,0.512,1.895,0.015,1.2184139765307864
124.16,0.56,1.509,0.015,1.354817381771419
124.17,0.578,1.913,0.019,1.1553292451021908
124.17,0.546,1.701,0.016,1.4374389189714218
124.17,0.514,1.756,0.015,1.3749693532312468
124.18,0.565,1.769,0.018,1.2052964993767736
124.19,0.597,1.603,0.016,1.4827604399388814
124.19,0.506,1.514,0.016,1.4533364865601524
124.19,0.542,1.914,0.019,1.0149546675330978
124.21,0.526,1.773,0.017,1.3710114346085203
124.23,0.536,1.551,0.016,1.096562748728067
124.24,0.553,1.647,0.016,1.0077322691418533
124.26,0.523,1.56,0.019,1.3042855689047648
124.27,0.515,1.554,0.017,1.2068360939868978
124.28,0.516,1.724,0.017,1.0671196251028865
124.28,0.584,1.687,0.019,1.3365673733663355
124.28,0.568,1.586,0.019,1.2831289504843908
124.3,0.574,1.577,0.017,1.371456659971018
124.3,0.568,1.606,0.017,1.1151660751108188
124.3,0.578,1.66,0.016,1.3108809246531765
124.3,0.531,1.657,0.018,1.345097797815868
124.31,0.501,1.674,0.018,1.3932040802356436
124.31,0.542,1.583,0.015,1.3511137964764748
124.31,0.521,1.782,0.017,1.251448409035062
124.31,0.535,1.94,0.017,1.072209476408314
124.31,0.521,1.625,0.015,1.4920819302403174
124.32,0.537,1.862,0.015,1.4046520608605848
124.32,0.596,1.604,0.015,1.495629449779413
124.33,0.579,1.946,0.019,1.338764810463436
124.34,0.583,1.867,0.017,1.2469506917583673
124.34,0.59,1.699,0.018,1.221290337123612
124.34,0.543,1.758,0.016,1.4952573093387278
124.35,0.519,1.924,0.017,1.181551929428653
124.35,0.587,1.731,0.016,1.3562690372137558
124.35,0.54,1.527,0.017,1.4418492392284894
124.36,0.528,1.933,0.018,1.0075210878404248
124.37,0.581,1.76,0.018,1.1666478398049391
124.37,0.551,1.716,0.018,1.1539493211378498
124.38,0.55,1.584,0.017,1.3097329670399345
124.38,0.544,1.696,0.018,1.140495283291174
124.4,0.573,1.961,0.015,1.2198293618577998
124.41,0.538,1.877,0.016,1.4233823415201932
124.42,0.598,1.533,0.018,1.0749140198177707
124.43,0.574,1.639,0.016,1.39248355486671
124.43,0.552,1.844,0.017,1.2079953976895745
124.43,0.53,1.743,0.015,1.282775679901914
124.46,0.541,1.806,0.016,1.116465990192576
124.46,0.582,1.695,0.015,1.1452879986619595
124.47,0.528,1.598,0.015,1.167899809572152
124.48,0.587,1.521,0.016,1.4043465952659473
124.5,0.537,1.777,0.018,1.4982463278342115
124.5,0.595,1.568,0.017,1.3259159771930191
124.51,0.549,1.9,0.019,1.0351697046257897
124.51,0.552,1.828,0.017,1.2287890029660846
124.51,0.551,1.709,0.019,1.3124077743936917
124.52,0.557,1.532,0.016,1.4712435421161936
124.52,0.532,1.845,0.015,1.0662611117776266
124.52,0.538,1.716,0.019,1.055233893787284
124.53,0.54,1.723,0.019,1.1639340929972102
124.53,0.521,1.851,0.018,1.0631454609681517
124.53,0.537,1.631,0.017,1.0267616038906124
124.54,0.596,1.542,0.017,1.0233372385224053
124.54,0.557,1.968,0.015,1.0904278509271093
124.54,0.577,1.967,0.017,1.2271919877935205
124.55,0.519,1.719,0.019,1.3858808954564932
124.55,0.591,1.634,0.018,1.0559606725227115
124.55,0.581,1.531,0.016,1.410038300871413
124.56,0.502,1.623,0.015,1.3949853073224907
124.56,0.508,1.812,0.016,1.3012307330918498
124.56,0.572,1.518,0.017,1.336625256670541
124.56,0.574,1.616,0.015,1.4689619044477724
124.56,0.517,1.879,0.019,1.4209392961531067
124.57,0.593,1.873,0.017,1.0088323033347664
124.57,0.528,1.665,0.016,1.2301161235737403
124.58,0.567,1.609,0.018,1.4674062955725062
124.58,0.583,1.622,0.018,1.0215694391320067
124.58,0.589,1.651,0.019,1.358078752693217
124.58,0.524,1.692,0.016,1.4651039918335436
124.59,0.596,1.728,0.016,1.3076161007151847
124.6,0.517,1.712,0.018,1.1746610123694594
124.6,0.542,1.935,0.019,1.4758370360750652
124.61,0.51,1.898,0.017,1.1945539064896953
124.61,0.534,1.843,0.015,1.3176170329120094
124.61,0.571,1.781,0.017,1.453268671034447
124.62,0.592,1.952,0.015,1.0236869006439955
124.65,0.554,1.758,0.019,1.2805852993149458
124.65,0.587,1.595,0.015,1.036583027784582
124.65,0.573,1.861,0.016,1.2457688706496588
124.66,0.588,1.592,0.016,1.126227155305669
124.66,0.599,1.695,0.016,1.266749214030033
124.67,0.511,1.539,0.019,1.0421529563107732
124.68,0.542,1.552,0.016,1.2846762774100118
124.68,0.566,1.515,0.015,1.3048976853155096
124.68,0.588,1.923,0.015,1.3229098592176767
124.68,0.561,1.96,0.016,1.201376708015435
124.69,0.57,1.919,0.016,1.248546638324909
124.69,0.503,1.683,0.018,1.4097594561973776
124.7,0.589,1.514,0.019,1.474104406153296
124.71,0.557,1.595,0.016,1.1017564334397445
124.73,0.57,1.885,0.015,1.2173444930610842
124.74,0.566,1.89,0.016,1.2987147590283612
124.74,0.553,1.646,0.015,1.4476482567289195
124.74,0.56,1.873,0.018,1.425383796896221
124.75,0.528,1.972,0.019,1.45955956153344
124.76,0.541,1.823,0.019,1.1786713739722678
124.76,0.543,1.513,0.018,1.3422617201195925
124.76,0.585,1.733,0.017,1.3318800903043628
124.77,0.571,1.898,0.016,1.3773587894783295
124.77,0.544,1.921,0.019,1.4567624282592173
124.77,0.52,1.808,0.018,1.2682263801298161
124.77,0.557,1.59,0.019,1.3760850665691562
124.78,0.584,1.74,0.018,1.0277180248250566
124.78,0.538,1.799,0.017,1.3896262547849658
124.78,0.593,1.851,0.015,1.4763513177450533
124.78,0.515,1.704,0.017,1.1702164788098846
124.78,0.508,1.828,0.015,1.459958071619307
124.79,0.576,1.648,0.019,1.4002918995826477
124.79,0.517,1.704,0.015,1.4340011553109673
124.8,0.594,1.74,0.019,1.4050386951806602
124.81,0.544,1.833,0.016,1.2550296369278906
124.82,0.529,1.694,0.019,1.4755880177686873
124.82,0.52,1.518,0.016,1.2618735574687965
124.83,0.564,1.842,0.019,1.0057383304842245
124.83,0.507,1.754,0.019,1.307655448296641
124.83,0.581,1.738,0.019,1.4205388887377637
124.83,0.522,1.658,0.019,1.062849424021541
124.83,0.585,1.694,0.015,1.284160622082041
124.84,0.539,1.677,0.018,1.4331820469820726
124.84,0.508,1.521,0.015,1.2865990872101067
124.84,0.528,1.684,0.016,1.17652041355808
124.84,0.585,1.994,0.019,1.276156553248383
124.84,0.532,1.601,0.017,1.1790319909791518
124.84,0.552,1.515,0.019,1.1478212576429991
124.84,0.507,1.914,0.019,1.0850278645901947
124.84,0.521,1.947,0.018,1.3975821174283647
124.85,0.526,1.707,0.017,1.3860771294804703
124.85,0.559,1.985,0.018,1.3500199248289482
124.85,0.515,1.966,0.015,1.4199909434929674
124.86,0.509,1.626,0.017,1.347042960161632
124.86,0.5,1.978,0.017,1.2483563378831848
124.86,0.548,1.93,0.016,1.0425460935612199
124.87,0.536,1.647,0.017,1.4012927377743911
124.87,0.547,1.625,0.015,1.3926698712878975
124.88,0.513,1.623,0.017,1.1194324969559875
124.88,0.561,1.66,0.017,1.106714364475367
124.89,0.575,1.978,0.019,1.1222577006149677
124.89,0.535,1.898,0.017,1.1004971343174934
124.89,0.511,1.851,0.019,1.396125630151874
124.89,0.568,1.826,0.016,1.2658601041694835
124.9,0.542,1.686,0.019,1.1606550263252478
124.9,0.533,1.849,0.018,1.0863964683352614
124.9,0.513,1.504,0.018,1.2526161478389688
124.91,0.513,1.835,0.016,1.171398894948784
124.91,0.596,1.845,0.015,1.112811482447556
124.91,0.539,1.542,0.016,1.2926850644248074
124.91,0.529,1.556,0.018,1.1084682911604502
124.92,0.518,1.689,0.019,1.2868575854574398
124.92,0.541,1.568,0.016,1.2578549206199396
124.93,0.531,1.524,0.017,1.3824715582321698
124.93,0.535,1.639,0.016,1.160013653460728
124.94,0.541,1.984,0.017,1.4841447548822486
124.94,0.599,1.602,0.016,1.0937715458397392
124.94,0.543,1.666,0.019,1.399905883187584
124.95,0.504,1.811,0.015,1.276615359017872
124.95,0.54,1.527,0.018,1.1222950577840134
124.95,0.502,1.901,0.015,1.0028867981208476
124.97,0.586,1.504,0.017,1.3870720908892789
124.97,0.591,1.776,0.019,1.3098804375157544
124.97,0.502,1.634,0.015,1.0890367715105649
124.97,0.511,1.928,0.015,1.0440266718656352
124.99,0.596,1.658,0.018,1.1243146439604499
124.99,0.593,1.544,0.016,1.1492922962797973
124.99,0.599,1.638,0.019,1.1799375478705878
124.99,0.589,1.835,0.019,1.4125925345730952
125.0,0.538,1.531,0.017,1.1723513204025704
125.0,0.524,1.517,0.018,1.1567832392245847
125.01,0.531,1.729,0.017,1.2597101376834772
125.02,0.566,1.544,0.016,1.0843308135519254
125.02,0.548,1.885,0.017,1.2844878294978215
125.03,0.52,1.561,0.019,1.0747269254180447
125.04,0.504,1.763,0.019,1.0215112047537924
125.05,0.591,1.98,0.019,1.3834730642746687
125.05,0.531,1.656,0.018,1.354056997976576
125.05,0.59,1.802,0.017,1.2398417698582846
125.06,0.582,1.771,0.018,1.0055646692339915
125.07,0.514,1.569,0.019,1.0505547630045744
125.07,0.539,1.774,0.019,1.0475801320786053
125.08,0.541,1.967,0.016,1.4025413380570002
125.08,0.505,1.678,0.016,1.4969006010582595
125.08,0.537,1.689,0.016,1.4229479925973172
125.09,0.586,1.661,0.017,1.3173275886056302
125.09,0.558,1.717,0.017,1.428281929614313
125.09,0.533,1.884,0.017,1.2299926394194554
125.09,0.529,1.979,0.015,1.189541902550955
125.09,0.528,1.567,0.017,1.3627668537650879
125.1,0.563,1.937,0.018,1.0836209776389525
125.1,0.509,1.99,0.017,1.2718797732852665
125.1,0.531,1.907,0.016,1.0298499359171653
125.1,0.555,1.924,0.017,1.0000235062060294
125.1,0.551,1.797,0.018,1.0089792689309456
125.1,0.532,1.547,0.017,1.388190038560146
125.1,0.553,1.63,0.019,1.425774200155106
125.11,0.584,1.787,0.019,1.228645553249873
125.11,0.508,1.53,0.017,1.0564510725094314
125.12,0.589,1.807,0.019,1.424200053512537
125.12,0.584,1.991,0.017,1.2458912367634838
125.12,0.59,1.824,0.017,1.493452485698874
125.13,0.565,1.863,0.017,1.3474669829352355
125.13,0.505,1.665,0.016,1.3455885000721084
125.14,0.536,1.721,0.017,1.4408430931125575
125.16,0.568,1.548,0.016,1.4106475754400463
125.16,0.59,1.938,0.015,1.0923884723046806
125.17,0.577,1.906,0.016,1.3921563028058954
125.17,0.567,1.705,0.016,1.1429988312034445
125.18,0.513,1.519,0.017,1.379244600508919
125.19,0.509,1.577,0.016,1.2392967274998867
125.2,0.583,1.663,0.016,1.0464781943796377
125.2,0.5,1.888,0.017,1.1839401609483546
125.2,0.524,1.534,0.019,1.2273701260786058
125.21,0.505,1.705,0.016,1.3659908439669493
125.21,0.555,1.717,0.015,1.301373373238522
125.22,0.529,1.868,0.019,1.0187509178689353
125.23,0.585,1.552,0.018,1.433125575859999
125.23,0.556,1.904,0.016,1.1153906358545589
125.23,0.572,1.713,0.016,1.0010976805631184
125.24,0.561,1.974,0.016,1.0202802558502797
125.24,0.526,1.787,0.015,1.1178790675403905
125.25,0.568,1.502,0.016,1.051542529735984
125.26,0.596,1.949,0.019,1.1460446463823186
125.26,0.554,1.61,0.019,1.1355909232992096
125.26,0.51,1.849,0.017,1.076880054623935
125.26,0.579,1.508,0.019,1.0358266442966755
125.27,0.53,1.659,0.018,1.4663190712154066
125.28,0.56,1.582,0.017,1.4487633295001618
125.29,0.52,1.634,0.018,1.2073609924487436
125.29,0.598,1.655,0.019,1.0991254784822762
125.29,0.514,1.623,0.018,1.3406496674864137
125.3,0.52,1.567,0.018,1.3813843605188114
125.3,0.548,1.884,0.016,1.3259969094671535
125.31,0.546,1.992,0.019,1.3975020491294392
125.31,0.573,1.651,0.018,1.0628919498560903
125.32,0.564,1.929,0.018,1.1289597962632254
125.32,0.551,1.525,0.017,1.1367910242887973
125.33,0.549,1.999,0.015,1.4688241108961826
125.33,0.578,1.888,0.015,1.2335934404577407
125.33,0.536,1.55,0.016,1.381022679094997
125.34,0.566,1.747,0.016,1.1311534989328234
125.34,0.53,1.5,0.018,1.2471764790297621
125.34,0.566,1.854,0.019,1.1480474029467247
125.34,0.522,1.614,0.018,1.1207006837299929
125.34,0.553,1.652,0.016,1.4686358209153285
125.35,0.54,1.864,0.015,1.4136329049737746
125.35,0.531,1.642,0.019,1.0241005165864163
125.36,0.509,1.831,0.015,1.3703358407877668
125.37,0.533,1.648,0.018,1.0137111943374206
125.37,0.559,1.92,0.015,1.384396594172938
125.38,0.528,1.904,0.019,1.4256624401028404
125.39,0.516,1.963,0.017,1.4943240206438801
125.4,0.588,1.84,0.015,1.1081581712750068
125.4,0.596,1.778,0.015,1.0767406639428767
125.4,0.515,1.861,0.019,1.3179573073301312
125.41,0.54,1.879,0.019,1.4065756700516796
125.42,0.514,1.653,0.019,1.3922063139460445
125.43,0.589,1.827,0.017,1.2544915712768732
125.43,0.572,1.636,0.016,1.3601903112210438
125.44,0.511,1.532,0.018,1.0917530809263238
125.44,0.529,1.506,0.016,1.1504314021065098
125.44,0.544,1.866,0.016,1.3051433732633284
125.46,0.546,1.807,0.018,1.4701162485439245
125.46,0.511,1.998,0.017,1.2033238064463598
125.47,0.57,1.788,0.018,1.0650600840147777
125.47,0.536,1.747,0.015,1.1058619065774602
125.48,0.502,1.568,0.017,1.3760484244195832
125.48,0.593,1.69,0.015,1.1369487448284905
125.48,0.546,1.76,0.017,1.3283289775137166
125.48,0.538,1.675,0.016,1.050072263215716
125.48,0.552,1.978,0.018,1.4224833989329062
125.49,0.557,1.764,0.018,1.1356956406117917
125.49,0.532,1.572,0.018,1.4224629061549114
125.49,0.549,1.511,0.017,1.3739960893643346
125.49,0.541,1.928,0.017,1.4179700605324521
125.5,0.561,1.814,0.019,1.2507562119078948
125.5,0.594,1.569,0.016,1.1222747079402284
125.51,0.572,1.674,0.019,1.3127049503931485
125.52,0.544,1.644,0.018,1.3840387930350668
125.52,0.578,1.64,0.015,1.0765413386487899
125.52,0.528,1.554,0.015,1.1912241410235656
125.53,0.552,1.815,0.018,1.4174751962390835
125.53,0.546,1.608,0.017,1.1785073885402668
125.53,0.53,1.765,0.015,1.3259226812907916
125.54,0.512,1.571,0.018,1.4084947547328854
125.55,0.585,1.573,0.017,1.2955182975052264
125.56,0.505,1.727,0.019,1.270939083140594
125.56,0.571,1.757,0.018,1.1936524300586753
125.56,0.598,1.893,0.017,1.3912233776988365
125.56,0.587,1.899,0.015,1.2878481246354985
125.57,0.579,1.766,0.019,1.404530937261747
125.58,0.596,1.534,0.017,1.2576878139681091
125.6,0.523,1.94,0.017,1.3180377953980484
125.6,0.535,1.561,0.016,1.364332655423687
125.61,0.557,1.722,0.018,1.0007950069646296
125.61,0.577,1.83,0.016,1.1800765341019874
125.62,0.582,1.898,0.018,1.1970853893172155
125.62,0.529,1.901,0.017,1.1193705529734297
125.63,0.514,1.772,0.017,1.371988803460127
125.63,0.546,1.82,0.015,1.0589329472792695
125.63,0.517,1.692,0.015,1.2967750640763236
125.64,0.552,1.621,0.019,1.3725517163576326
125.64,0.597,1.614,0.018,1.4129281003211107
125.64,0.511,1.798,0.015,1.026910375146675
125.65,0.567,1.733,0.018,1.3112570067226974
125.65,0.578,1.694,0.016,1.0619877629012133
125.65,0.575,1.672,0.019,1.294412279731064
125.66,0.516,1.783,0.017,1.4002981311144826
125.66,0.594,1.738,0.017,1.2385207918388597
125.66,0.522,1.511,0.018,1.4623022560120362
125.67,0.574,1.506,0.017,1.4488837596513775
125.68,0.538,1.701,0.015,1.4883540299932805
125.69,0.538,1.657,0.018,1.0452717403139609
125.69,0.584,1.936,0.016,1.3810966195391163
125.7,0.559,1.676,0.017,1.3034979111616056
125.7,0.579,1.708,0.016,1.0249275034433638
125.7,0.5,1.748,0.019,1.0544683773599226
125.71,0.521,1.526,0.015,1.3818892207859501
125.72,0.548,1.84,0.019,1.3852410384258775
125.73,0.534,1.585,0.017,1.3674220350333988
125.73,0.516,1.683,0.018,1.082382479586197
125.74,0.536,1.786,0.016,1.4328217472701552
125.74,0.594,1.763,0.016,1.4010633155558487
125.74,0.568,1.684,0.017,1.1526889690867594
125.74,0.557,1.98,0.017,1.1264925275589248
125.74,0.582,1.953,0.019,1.065402320501655
125.75,0.549,1.989,0.015,1.1779848216963
125.75,0.572,1.624,0.018,1.2990990227195338
125.75,0.557,1.838,0.015,1.1401743712745815
125.75,0.529,1.674,0.018,1.3239650221107264
125.76,0.551,1.555,0.015,1.0516573209570124
125.76,0.571,1.521,0.018,1.440102955985598
125.76,0.549,1.564,0.018,1.3359997499563259
125.78,0.573,1.593,0.018,1.3840142962564197
125.78,0.5,1.955,0.017,1.2614972715729045
125.78,0.506,1.554,0.015,1.4419665821946202
125.8,0.596,1.872,0.019,1.1439457953870313
125.8,0.579,1.568,0.017,1.4730795010017208
125.81,0.575,1.593,0.017,1.114370482442472
125.81,0.523,1.96,0.018,1.0141215341851453
125.81,0.507,1.918,0.018,1.145539007223471
125.81,0.57,1.512,0.018,1.2306708818847056
125.81,0.561,1.645,0.019,1.0062070808566028
125.82,0.588,1.794,0.017,1.0352489825817779
125.83,0.528,1.652,0.019,1.4111245926234
125.83,0.513,1.617,0.019,1.251129786218086
125.84,0.55,1.752,0.015,1.301558253329236
125.84,0.525,1.568,0.015,1.4647443268071483
125.85,0.505,1.578,0.018,1.393807796201102
125.85,0.565,1.701,0.019,1.3503294533414911
125.86,0.58,1.932,0.018,1.2266776056362585
125.88,0.519,1.613,0.016,1.3992632671322687
125.88,0.572,1.991,0.016,1.0772105133996241
125.88,0.595,1.909,0.016,1.0404939040357548
125.88,0.551,1.681,0.017,1.4601043672961829
125.89,0.507,1.898,0.017,1.3199229179858567
125.9,0.506,1.843,0.017,1.2782304825534725
125.9,0.563,1.58,0.019,1.4821263996588678
125.9,0.587,1.7,0.018,1.3615444971906876
125.91,0.537,1.559,0.019,1.0769903415311384
125.91,0.572,1.617,0.019,1.117479578897664
125.91,0.595,1.704,0.018,1.1339184927927626
125.92,0.519,1.951,0.019,1.3283469350517831
125.92,0.555,1.915,0.019,1.2165879603586678
125.93,0.582,1.61,0.015,1.24153615812261
125.93,0.546,1.76,0.018,1.0847306005393296
125.93,0.5,1.721,0.017,1.1968303554717383
125.94,0.539,1.679,0.016,1.4960712491111516
125.96,0.505,1.532,0.019,1.2124421796821987
125.97,0.539,1.927,0.018,1.0856316845252552
125.98,0.535,1.506,0.015,1.024288784346004
125.98,0.594,1.725,0.015,1.0062432035985212
125.99,0.593,1.791,0.019,1.0852163549360048
125.99,0.574,1.664,0.017,1.160221492847423
125.99,0.551,1.667,0.017,1.2005051725008746
126.0,0.548,1.824,0.015,1.3516736510877745
126.01,0.551,1.969,0.019,1.0410297959253958
126.01,0.597,1.882,0.017,1.2800125691110786
126.02,0.535,1.638,0.015,1.3880413198207147
126.02,0.536,1.691,0.019,1.1650408559409637
126.03,0.568,1.917,0.015,1.1713881962677715
126.03,0.584,1.843,0.015,1.3360145984079586
126.04,0.525,1.975,0.015,1.1061624731314976
126.04,0.599,1.536,0.019,1.1979877102012009
126.06,0.534,1.955,0.018,1.4387154686197072
126.06,0.517,1.707,0.015,1.1167201969003604
126.07,0.598,1.792,0.018,1.4998806767944444
126.07,0.527,1.876,0.016,1.1506546193936724
126.07,0.558,1.627,0.016,1.0736800657345813
126.07,0.509,1.693,0.019,1.2932691616647527
126.07,0.548,1.593,0.019,1.3611730579411851
126.08,0.502,1.857,0.017,1.0789528133427608
126.1,0.501,1.824,0.015,1.4179493231597318
126.1,0.562,1.768,0.016,1.0533964537078475
126.1,0.537,1.73,0.017,1.2422228613714892
126.13,0.513,1.96,0.018,1.4670407620549017
126.13,0.562,1.528,0.019,1.4532318810097367
126.14,0.572,1.5,0.018,1.017398961411443
126.15,0.58,1.635,0.017,1.018834903983225
126.15,0.502,1.533,0.018,1.2601685833088938
126.16,0.572,1.881,0.015,1.4629572318412674
126.16,0.577,1.961,0.019,1.1064559432992485
126.16,0.566,1.627,0.015,1.2568383715293523
126.17,0.589,1.796,0.018,1.372966713374527
126.17,0.578,1.727,0.018,1.267572248679564
126.17,0.509,1.833,0.015,1.4001248739836376
126.17,0.598,1.898,0.017,1.3654830231488821
126.18,0.503,1.899,0.017,1.0794538895868673
126.18,0.593,1.771,0.015,1.1030577885562878
126.18,0.541,1.778,0.015,1.1085549065881546
126.18,0.575,1.983,0.015,1.1207864375894745
126.19,0.517,1.994,0.018,1.36370859835358
126.19,0.599,1.934,0.019,1.0037060545620573
126.19,0.528,1.912,0.017,1.0015961076831128
126.19,0.57,1.757,0.018,1.4427881885256504
126.2,0.506,1.687,0.018,1.318752114051034
126.2,0.515,1.936,0.018,1.024935433371967
126.21,0.564,1.905,0.019,1.026056822080116
126.21,0.573,1.722,0.019,1.0296015560683325
126.21,0.536,1.879,0.019,1.398513274034111
126.22,0.589,1.692,0.019,1.2615605656935558
126.22,0.528,1.579,0.017,1.1148112069994982
126.22,0.506,1.979,0.016,1.1583779801305112
126.23,0.521,1.895,0.019,1.1671380856248748
126.23,0.538,1.541,0.018,1.1177509409331927
126.23,0.549,1.922,0.015,1.0350582476006205
126.23,0.55,1.526,0.018,1.498096300860101
126.24,0.584,1.862,0.019,1.437543083490648
126.24,0.51,1.721,0.016,1.3216901882322405
126.24,0.559,1.955,0.017,1.449930887468617
126.25,0.562,1.808,0.015,1.442964354181118
126.25,0.552,1.829,0.016,1.30679467072676
126.26,0.591,1.858,0.015,1.45135344260225
126.26,0.546,1.555,0.017,1.152143898630058
126.26,0.583,1.61,0.018,1.0699857507808344
126.26,0.593,1.658,0.016,1.2329519192992078
126.26,0.531,1.971,0.018,1.445240790485738
126.27,0.511,1.816,0.019,1.0220479657134067
126.27,0.596,1.594,0.015,1.4728275713178882
126.28,0.505,1.536,0.017,1.0559230775098145
126.28,0.552,1.501,0.017,1.2310485294496556
126.29,0.507,1.868,0.017,1.1630211532119925
126.29,0.512,1.657,0.018,1.1036838882028541
126.29,0.565,1.941,0.016,1.4327709798639423
126.3,0.591,1.537,0.019,1.1267628172126083
126.33,0.599,1.54,0.016,1.044599893080987
126.33,0.53,1.863,0.016,1.0864457957985918
126.33,0.596,1.63,0.018,1.246486523820114
126.33,0.526,1.93,0.015,1.1793410841669614
126.33,0.544,1.826,0.016,1.08992557677125
126.33,0.59,1.764,0.019,1.1093878255463079
126.34,0.51,1.908,0.016,1.4022165733712841
126.34,0.591,1.865,0.017,1.330423450532765
126.35,0.556,1.749,0.018,1.0298875246382124
126.35,0.593,1.896,0.015,1.1471230053193127
126.35,0.538,1.976,0.017,1.1561786813979351
126.35,0.563,1.782,0.018,1.351749791593308
126.37,0.587,1.584,0.016,1.1099522616022832
126.37,0.512,1.601,0.015,1.4393734299548844
126.37,0.599,1.532,0.015,1.0983180838656166
126.37,0.555,1.784,0.017,1.1376111367853012
126.37,0.539,1.863,0.016,1.3879879330977483
126.37,0.588,1.839,0.017,1.3902341805716485
126.38,0.541,1.596,0.019,1.4707975806301188
126.39,0.549,1.758,0.017,1.2602938124518381
126.39,0.512,1.973,0.016,1.3177395084884063
126.39,0.52,1.791,0.019,1.27969302611341
126.4,0.566,1.98,0.018,1.1629501024192654
126.4,0.539,1.507,0.019,1.0466199104442724
126.4,0.553,1.82,0.018,1.3961715964232144
126.41,0.568,1.958,0.016,1.0632796606812307
126.41,0.575,1.622,0.016,1.249422284970808
126.41,0.598,1.784,0.018,1.2885752707509643
126.41,0.529,1.723,0.018,1.0751943764173462
126.41,0.583,1.621,0.015,1.0140016989596703
126.41,0.587,1.721,0.019,1.341390974519703
126.41,0.563,1.782,0.015,1.3656959207084345
126.41,0.576,1.795,0.017,1.1438616863712538
126.42,0.502,1.816,0.019,1.4190790094406587
126.44,0.591,1.732,0.018,1.3869456927595858
126.45,0.537,1.901,0.016,1.4830280251344488
126.45,0.511,1.663,0.017,1.4445707998400938
126.45,0.589,1.904,0.017,1.3403092367853042
126.47,0.574,1.907,0.015,1.2713621218399467
126.47,0.565,1.911,0.019,1.2127710627120136
126.51,0.512,1.838,0.015,1.0397859886088865
126.51,0.514,1.52,0.015,1.1407144500844084
126.51,0.528,1.973,0.019,1.082661973254118
126.51,0.565,1.687,0.019,1.226091163159886
126.52,0.547,1.753,0.019,1.0528097019141116
126.52,0.561,1.697,0.019,1.186185710025378
126.52,0.506,1.769,0.015,1.4246987199274719
126.53,0.567,1.992,0.017,1.0790268999218084
126.53,0.515,1.974,0.015,1.0147980629136004
126.54,0.502,1.815,0.017,1.1129545185581875
126.54,0.55,1.593,0.018,1.2377459524041972
126.55,0.5,1.653,0.015,1.071647600268738
126.55,0.541,1.897,0.016,1.433855762443717
126.55,0.562,1.563,0.019,1.0753842375030862
126.55,0.595,1.783,0.017,1.0687987540731867
126.55,0.535,1.733,0.018,1.2891901759235964
126.56,0.527,1.739,0.019,1.4729719313029832
126.57,0.591,1.974,0.016,1.3239488319137842
126.57,0.569,1.884,0.015,1.150060507727674
126.57,0.559,1.803,0.017,1.4165859533534086
126.58,0.512,1.767,0.016,1.1386605733715434
126.59,0.505,1.77,0.017,1.0781444514100176
126.6,0.561,1.822,0.019,1.2714679646155245
126.6,0.54,1.935,0.017,1.4451367181437298
126.6,0.587,1.776,0.019,1.1311450313814928
126.61,0.565,1.927,0.017,1.4468572548307577
126.62,0.514,1.954,0.017,1.4599043830881775
126.62,0.56,1.544,0.015,1.1485710519704502
126.63,0.503,1.884,0.018,1.2941729716616035
126.63,0.532,1.815,0.019,1.298905616658085
126.64,0.506,1.711,0.017,1.175205595787776
126.64,0.502,1.543,0.015,1.0241027546094381
126.65,0.545,1.534,0.015,1.181373842159426
126.65,0.504,1.518,0.016,1.0349244577974068
126.65,0.524,1.548,0.019,1.0320316346968053
126.66,0.561,1.584,0.018,1.4227541163512432
126.66,0.536,1.942,0.016,1.1361454525425156
126.68,0.532,1.826,0.017,1.0517408186987687
126.69,0.55,1.512,0.019,1.4711012302113484
126.69,0.592,1.772,0.015,1.2528600759947826
126.69,0.526,1.867,0.017,1.0583697322297112
126.69,0.524,1.783,0.019,1.0520927047130053
126.69,0.531,1.848,0.016,1.060989441728848
126.7,0.534,1.803,0.018,1.1372309705042651
126.7,0.531,1.916,0.016,1.4439772411676772
126.71,0.566,1.775,0.019,1.3020331031985064
126.72,0.532,1.719,0.018,1.4947171464289415
126.72,0.528,1.536,0.018,1.3866870378939344
126.72,0.596,1.661,0.016,1.0001933800555223
126.72,0.547,1.714,0.017,1.387001352832046
126.73,0.514,1.835,0.019,1.0144307923186
126.74,0.548,1.661,0.018,1.4260393711194779
126.75,0.525,1.784,0.016,1.0212479513775419
126.75,0.556,1.785,0.019,1.425420026593049
126.75,0.566,1.64,0.016,1.1802100358506902
126.75,0.585,1.583,0.017,1.0788938332868023
126.76,0.556,1.682,0.016,1.390613346972597
126.77,0.552,1.927,0.015,1.362483190016085
126.78,0.55,1.697,0.016,1.3484410401484466
126.79,0.577,1.544,0.019,1.047115220203514
126.81,0.506,1.919,0.015,1.2833485335976396
126.81,0.597,1.641,0.015,1.232737391516628
126.81,0.558,1.524,0.015,1.2590768334951843
126.81,0.561,1.676,0.016,1.3766095737055546
126.81,0.594,1.745,0.016,1.1934616110149412
126.82,0.591,1.681,0.015,1.1730437746820148
126.82,0.577,1.827,0.015,1.454949506847106
126.82,0.516,1.549,0.019,1.2587204539158474
126.82,0.531,1.862,0.015,1.4340069186673419
126.82,0.528,1.963,0.018,1.3229933341600564
126.82,0.507,1.924,0.019,1.1079060109327656
126.83,0.522,1.866,0.017,1.1587052648265694
126.84,0.59,1.57,0.019,1.0490929821262545
126.84,0.581,1.663,0.017,1.432904518094115
126.84,0.511,1.928,0.018,1.4716176920323982
126.84,0.527,1.54,0.017,1.345173073895208
126.85,0.503,1.91,0.018,1.4401726254685654
126.85,0.545,1.82,0.015,1.3907979140590003
126.86,0.586,1.908,0.015,1.267924763094271
126.86,0.566,1.68,0.019,1.0128182391610625
126.86,0.597,1.62,0.016,1.3002931735901408
126.87,0.565,1.958,0.016,1.1869169011300997
126.87,0.594,1.574,0.019,1.3092575403352358
126.87,0.509,1.532,0.015,1.2269446736370462
126.87,0.598,1.743,0.019,1.3566608874104065
126.88,0.522,1.97,0.015,1.0463015919548881
126.89,0.532,1.885,0.016,1.4098000435624067
126.89,0.557,1.912,0.018,1.4557371897039428
126.9,0.551,1.918,0.015,1.4056221070331394
126.9,0.586,1.847,0.019,1.1877954595332592
126.91,0.506,1.519,0.015,1.1402434341480865
126.91,0.543,1.908,0.018,1.3860411415965996
126.91,0.598,1.63,0.018,1.4663422521597795
126.91,0.533,1.536,0.019,1.0514792573452598
126.91,0.598,1.981,0.018,1.309844973782596
126.92,0.592,1.94,0.015,1.1096906508059061
126.92,0.538,1.747,0.019,1.1406842419546248
126.92,0.553,1.704,0.017,1.342609816107671
126.92,0.525,1.85,0.019,1.3226791407966318
126.93,0.559,1.61,0.016,1.2992914722910416
126.93,0.503,1.997,0.015,1.009702154570836
126.94,0.566,1.703,0.017,1.3693785143776358
126.94,0.569,1.524,0.018,1.276034018246312
126.94,0.581,1.624,0.016,1.3467685935152822
126.94,0.59,1.89,0.018,1.2559054840748551
126.95,0.531,1.63,0.017,1.4600492404829224
126.95,0.545,1.574,0.016,1.1260558166165877
126.95,0.592,1.818,0.018,1.0941605865558124
126.95,0.551,1.942,0.017,1.2576815486764215
126.96,0.501,1.81,0.018,1.2199482917791966
126.98,0.503,1.861,0.016,1.2217833077406584
126.99,0.506,1.957,0.017,1.3958460836555964
127.0,0.593,1.598,0.015,1.2340181221068323
127.0,0.523,1.638,0.017,1.4358346041514347
127.0,0.588,1.932,0.017,1.0311815433879756
127.0,0.573,1.741,0.019,1.144012967993082
127.02,0.522,1.55,0.017,1.049303961262146
127.03,0.585,1.923,0.018,1.1421399942186647
127.03,0.548,1.946,0.019,1.4483849056682592
127.03,0.559,1.898,0.018,1.3484128224325371
127.03,0.511,1.761,0.019,1.1041651496249818
127.04,0.556,1.914,0.017,1.4618780242860328
127.04,0.536,1.626,0.016,1.12647552443728
127.04,0.588,1.963,0.018,1.2847045292528996
127.04,0.513,1.949,0.018,1.2710927961652867
127.04,0.586,1.951,0.018,1.01279338709557
127.05,0.573,1.889,0.017,1.2814391069806477
127.05,0.534,1.764,0.019,1.2338490834994151
127.07,0.507,1.612,0.019,1.4599815780819507
127.08,0.522,1.703,0.019,1.0221511164578876
127.08,0.513,1.707,0.017,1.349032890226587
127.08,0.599,1.747,0.015,1.4973891249614097
127.08,0.519,1.797,0.019,1.3081018507450553
127.08,0.585,1.704,0.016,1.0270491893154985
127.09,0.562,1.844,0.016,1.3624260632828118
127.09,0.516,1.775,0.018,1.0037757475641587
127.09,0.571,1.911,0.018,1.389729888460399
127.1,0.552,1.878,0.015,1.2311452521122246
127.1,0.572,1.696,0.019,1.2330150121705075
127.11,0.578,1.607,0.016,1.253515378395772
127.11,0.571,1.838,0.017,1.2835869761455958
127.11,0.581,1.588,0.017,1.3255446626157072
127.12,0.586,1.873,0.019,1.3027178632091754
127.12,0.506,1.981,0.018,1.423056399294606
127.12,0.598,1.987,0.016,1.1279422067616722
127.13,0.586,1.707,0.019,1.1216530466969832
127.13,0.535,1.584,0.016,1.0705063240360895
127.14,0.552,1.846,0.017,1.2972320384856135
127.16,0.513,1.573,0.016,1.3541800250745717
127.16,0.5,1.665,0.016,1.3112234010113553
127.16,0.575,1.592,0.017,1.1066410820611288
127.17,0.54,1.616,0.019,1.0300557746797094
127.17,0.517,1.939,0.019,1.3045478106665265
127.18,0.526,1.733,0.017,1.3767766675767292
127.19,0.597,1.95,0.017,1.0756557894727332
127.19,0.508,1.885,0.017,1.408894818373019
127.2,0.502,1.67,0.019,1.2059932515146892
127.21,0.571,1.597,0.018,1.3302779742161492
127.21,0.52,1.871,0.016,1.4118620285993004
127.21,0.521,1.797,0.017,1.288476575166754
127.22,0.563,1.664,0.015,1.110277202532914
127.22,0.541,1.813,0.019,1.440726956602223
127.23,0.551,1.793,0.015,1.054764615636142
127.23,0.597,1.562,0.015,1.4349568867350782
127.24,0.571,1.598,0.015,1.1463616651713975
127.24,0.566,1.863,0.019,1.3575345103515009
127.24,0.549,1.985,0.016,1.2292713840486313
127.24,0.518,1.852,0.018,1.4796273893515937
127.24,0.541,1.828,0.017,1.4430607039211814
127.25,0.564,1.514,0.017,1.2825449170157532
127.25,0.515,1.778,0.018,1.4067044610963972
127.26,0.508,1.908,0.017,1.0389981756621125
127.28,0.55,1.567,0.019,1.4477269274976696
127.28,0.512,1.623,0.015,1.4289269579743746
127.29,0.553,1.751,0.015,1.399134289557134
127.3,0.587,1.539,0.017,1.382448495381941
127.3,0.521,1.571,0.016,1.2219504307185627
127.31,0.577,1.542,0.016,1.395196754255781
127.33,0.544,1.904,0.018,1.2283107940677747
127.33,0.592,1.96,0.016,1.1753681666288647
127.33,0.59,1.819,0.019,1.478695325117283
127.34,0.556,1.593,0.018,1.3790296160620343
127.34,0.534,1.768,0.016,1.4353337567543187
127.34,0.554,1.952,0.018,1.3931956492582587
127.35,0.533,1.987,0.018,1.432955735812354
127.35,0.5,1.62,0.019,1.0311124477032105
127.36,0.54,1.832,0.015,1.447342317984354
127.36,0.598,1.866,0.019,1.0504453813356902
127.37,0.515,1.88,0.015,1.4596215609788565
127.39,0.506,1.888,0.019,1.4628344691746065
127.4,0.518,1.675,0.019,1.3947498880330584
127.4,0.537,1.732,0.017,1.1289907176741356
127.41,0.561,1.61,0.018,1.0865010254914749
127.41,0.509,1.766,0.018,1.0406918068154036
127.41,0.502,1.997,0.018,1.421192158056183
127.41,0.59,1.993,0.017,1.0475926764061594
127.42,0.541,1.727,0.018,1.0578433779876701
127.43,0.511,1.5,0.018,1.1564968158442748
127.43,0.525,1.799,0.018,1.1032585885453425
127.43,0.54,1.698,0.019,1.1684175420123508
127.43,0.515,1.616,0.019,1.202799366562088
127.43,0.597,1.933,0.017,1.2137691600322689
127.45,0.5,1.575,0.017,1.1493364125162977
127.45,0.586,1.683,0.016,1.4552335427738636
127.45,0.503,1.646,0.018,1.4366641465401142
127.46,0.503,1.898,0.015,1.2923889259194565
127.46,0.53,1.857,0.019,1.4135361820429186
127.46,0.574,1.634,0.016,1.2687301766785992
127.48,0.592,1.93,0.018,1.1219279935221373
127.48,0.507,1.556,0.015,1.039456932529205
127.48,0.549,1.782,0.016,1.3265800698343866
127.49,0.578,1.733,0.017,1.3732492215334515
127.49,0.547,1.875,0.017,1.246879771641309
127.5,0.559,1.637,0.015,1.0351371739173774
127.5,0.578,1.798,0.019,1.384514435138841
127.5,0.538,1.846,0.017,1.3199281863669678
127.51,0.5,1.605,0.015,1.4339746268473
127.51,0.559,1.825,0.018,1.152912693680073
127.54,0.531,1.688,0.016,1.233980232176384
127.54,0.527,1.665,0.017,1.020655774126533
127.54,0.589,1.959,0.018,1.495149179236807
127.54,0.531,1.57,0.016,1.2343070033876904
127.56,0.557,1.699,0.018,1.1946069224908862
127.57,0.588,1.607,0.017,1.4565740466428512
127.57,0.572,1.593,0.019,1.0497918207864259
127.57,0.582,1.891,0.019,1.1454358451039375
127.57,0.57,1.829,0.015,1.2823759806398378
127.58,0.558,1.674,0.017,1.1284459612170887
127.59,0.594,1.768,0.016,1.4840634568337623
127.6,0.505,1.871,0.019,1.119148923312098
127.6,0.581,1.944,0.019,1.2434759968544387
127.61,0.502,1.758,0.016,1.2271016693934687
127.61,0.572,1.524,0.017,1.2455672960775885
127.62,0.541,1.871,0.016,1.1979609399062494
127.63,0.542,1.743,0.016,1.2187557390624013
127.64,0.549,1.83,0.015,1.0750280987279264
127.64,0.52,1.645,0.016,1.3199324261638286
127.64,0.583,1.989,0.016,1.1795308631981203
127.64,0.537,1.818,0.015,1.1052051833933612
127.65,0.541,1.755,0.016,1.1677182140613422
127.65,0.509,1.601,0.018,1.154195749442505
127.66,0.516,1.829,0.015,1.1118502832276802
127.66,0.518,1.825,0.015,1.2555520250637173
127.67,0.558,1.543,0.017,1.0130166062878614
127.69,0.54,1.692,0.018,1.116475646503591
127.69,0.582,1.607,0.016,1.429999283154471
127.71,0.548,1.759,0.016,1.076227455995514
127.71,0.585,1.815,0.019,1.4562685768845913
127.72,0.525,1.598,0.015,1.3227537017448796
127.72,0.584,1.928,0.019,1.4879235412733898
127.73,0.529,1.919,0.019,1.4584520302734423
127.74,0.585,1.917,0.018,1.147695333253506
127.74,0.507,1.711,0.019,1.1380978594888953
127.74,0.526,1.853,0.015,1.2891774892148191
127.75,0.541,1.942,0.017,1.1260015743629541
127.75,0.581,1.932,0.018,1.0988359647805457
127.76,0.518,1.573,0.017,1.2144754491025287
127.77,0.517,1.501,0.019,1.1409503109230057
127.78,0.535,1.686,0.017,1.4133868193433194
127.79,0.504,1.608,0.018,1.4453708963968643
127.79,0.502,1.699,0.015,1.3492201555847372
127.8,0.587,1.732,0.018,1.1697263668367817
127.8,0.591,1.746,0.015,1.0504250221874551
127.8,0.557,1.775,0.017,1.4452946948301448
127.8,0.599,1.985,0.015,1.4603359042943334
127.81,0.505,1.825,0.017,1.4670010387310608
127.82,0.576,1.533,0.017,1.1133012809735001
127.82,0.577,1.807,0.019,1.351791311001842
127.82,0.506,1.61,0.016,1.3347052992861723
127.83,0.593,1.675,0.019,1.226564517796742
127.84,0.511,1.939,0.016,1.063702411293419
127.84,0.578,1.572,0.019,1.4559879417671475
127.84,0.529,1.858,0.017,1.004126015945344
127.85,0.574,1.72,0.016,1.4120088853789472
127.87,0.511,1.79,0.017,1.2250821087766735
127.87,0.589,1.981,0.018,1.2443790566054331
127.87,0.527,1.51,0.018,1.1221179002512627
127.87,0.542,1.963,0.016,1.0931074902903843
127.88,0.549,1.7,0.018,1.039149596626549
127.88,0.585,1.851,0.015,1.3289229213712606
127.89,0.502,1.661,0.016,1.11687824235994
127.89,0.586,1.857,0.018,1.4208819214741217
127.9,0.535,1.87,0.019,1.344987449843787
127.9,0.592,1.528,0.016,1.2656581973866416
127.92,0.56,1.959,0.018,1.2813154886406901
127.92,0.567,1.96,0.016,1.159831284108901
127.92,0.521,1.663,0.017,1.2032571684473006
127.92,0.597,1.591,0.019,1.168729570018468
127.93,0.597,1.57,0.017,1.066251561412367
127.93,0.504,1.538,0.019,1.4024837501877325
127.93,0.502,1.617,0.017,1.002359441196932
127.93,0.518,1.829,0.016,1.175978816184833
127.94,0.533,1.527,0.016,1.1523609305869749
127.94,0.563,1.547,0.015,1.423239705575756
127.95,0.579,1.5,0.018,1.3561041282483681
127.96,0.511,1.905,0.018,1.299048405826085
127.97,0.568,1.696,0.016,1.0418093721115351
127.97,0.571,1.996,0.018,1.0953862642581158
127.99,0.59,1.913,0.018,1.3693783455562838
127.99,0.565,1.608,0.019,1.4936896436529226
128.0,0.544,1.578,0.017,1.216961123263236
128.01,0.561,1.677,0.015,1.40808788877209
128.02,0.537,1.972,0.019,1.4507663841175993
128.02,0.566,1.646,0.018,1.1433210426666884
128.02,0.538,1.665,0.017,1.1859949703321764
128.03,0.504,1.675,0.018,1.2880032485699962
128.03,0.517,1.991,0.015,1.2395478569058702
128.03,0.535,1.662,0.015,1.3253420198862071
128.04,0.529,1.758,0.017,1.197369600009014
128.04,0.555,1.922,0.015,1.1572106805156883
128.04,0.529,1.842,0.019,1.1199061284866745
128.05,0.517,1.784,0.018,1.1405010599858234
128.06,0.549,1.526,0.019,1.1504240253344369
128.07,0.597,1.858,0.018,1.0067983109447394
128.07,0.556,1.828,0.019,1.3185334308515253
128.07,0.573,1.518,0.019,1.1677486906456092
128.07,0.589,1.74,0.017,1.4230600675926617
128.07,0.535,1.761,0.017,1.048487825943111
128.07,0.5,1.621,0.016,1.3488902513190584
128.08,0.516,1.825,0.018,1.2083263071548571
128.08,0.536,1.626,0.015,1.0402744666504133
128.09,0.551,1.995,0.015,1.0310141848112062
128.09,0.502,1.672,0.019,1.0349443483463827
128.09,0.564,1.556,0.015,1.4951695653720423
128.1,0.594,1.848,0.018,1.4151088897320974
128.11,0.507,1.691,0.019,1.4354309325193757
128.11,0.513,1.8,0.018,1.1623452651257193
128.11,0.541,1.658,0.019,1.0482799012867352
128.12,0.518,1.747,0.015,1.0284817466614848
128.13,0.549,1.685,0.016,1.192189462107407
128.13,0.582,1.802,0.015,1.1938541555143103
128.14,0.589,1.556,0.019,1.1530253827953882
128.14,0.517,1.996,0.017,1.404624767737129
128.14,0.51,1.571,0.015,1.0069367114431733
128.14,0.544,1.776,0.019,1.4318769371997702
128.15,0.558,1.767,0.019,1.0224469710083934
128.15,0.564,1.857,0.015,1.390728132164732
128.16,0.509,1.544,0.018,1.2725003805067683
128.16,0.54,1.554,0.015,1.138237190943429
128.16,0.572,1.535,0.015,1.162204253824192
128.16,0.58,1.652,0.017,1.1970705399699322
128.17,0.528,1.785,0.017,1.424823268996627
128.18,0.557,1.723,0.019,1.1317010856355498
128.18,0.588,1.648,0.015,1.3086435508887344
128.19,0.566,1.885,0.018,1.156945238182269
128.19,0.552,1.581,0.019,1.3175174916943002
128.2,0.571,1.728,0.017,1.1890702493932161
128.2,0.54,1.857,0.017,1.3969105854552797
128.22,0.591,1.594,0.015,1.01893811389115
128.22,0.525,1.779,0.016,1.286497532107818
128.23,0.543,1.955,0.016,1.280038223935955
128.23,0.505,1.512,0.016,1.2866584158527874
128.24,0.534,1.557,0.018,1.2775143349843145
128.26,0.522,1.914,0.017,1.2698949835291713
128.27,0.505,1.69,0.019,1.0830626044749938
128.27,0.529,1.546,0.015,1.4347857928801837
128.3,0.503,1.54,0.015,1.4070045173371728
128.31,0.591,1.779,0.019,1.022333258152219
128.32,0.57,1.559,0.017,1.0917517268256385
128.32,0.54,1.564,0.016,1.342515756978501
128.32,0.543,1.501,0.015,1.3653686750709513
128.33,0.547,1.977,0.018,1.0289251703320372
128.34,0.572,1.546,0.017,1.4880667710070608
128.34,0.504,1.7,0.015,1.4445879386669427
128.34,0.552,1.884,0.016,1.2179937570185575
128.34,0.578,1.525,0.017,1.292183294627293
128.35,0.569,1.842,0.019,1.1411605450399462
128.35,0.511,1.9,0.017,1.461845055170556
128.35,0.546,1.966,0.018,1.2124099787209053
128.35,0.553,1.644,0.015,1.1130263117694075
128.36,0.572,1.576,0.017,1.2616126739033502
128.38,0.538,1.73,0.019,1.4995050075477048
128.38,0.598,1.655,0.016,1.0977100257628403
128.38,0.59,1.777,0.016,1.2711030405965236
128.39,0.554,1.648,0.018,1.3217755256953883
128.39,0.505,1.737,0.018,1.159207071752286
128.39,0.564,1.868,0.019,1.2242939417784897
128.4,0.555,1.652,0.018,1.019597241604481
128.4,0.505,1.72,0.019,1.4646104031104012
128.41,0.515,1.633,0.016,1.4313344170676814
128.43,0.563,1.524,0.016,1.4894858469856238
128.43,0.534,1.803,0.015,1.2956752569960153
128.44,0.585,1.911,0.017,1.3758497488125205
128.44,0.567,1.978,0.015,1.3925504776290993
128.45,0.592,1.833,0.016,1.1666237704895763
128.45,0.515,1.704,0.017,1.3000198370886795
128.47,0.551,1.534,0.019,1.2398605782308518
128.47,0.599,1.583,0.018,1.2487027819857497
128.48,0.569,1.53,0.019,1.0485212192678592
128.49,0.506,1.853,0.017,1.4640630316873056
128.49,0.56,1.959,0.017,1.1488009614435208
128.5,0.555,1.832,0.019,1.27582878031704
128.5,0.531,1.683,0.016,1.0488368433107014
128.5,0.521,1.563,0.019,1.2315463517560437
128.51,0.523,1.888,0.015,1.2611423945689364
128.52,0.54,1.856,0.016,1.4765597212284511
128.52,0.548,1.523,0.017,1.1506671649865976
128.52,0.51,1.908,0.016,1.0421041205062473
128.52,0.506,1.803,0.019,1.1652511144356867
128.54,0.521,1.775,0.019,1.2068934222043288
128.54,0.529,1.866,0.018,1.1708235141151382
128.54,0.538,1.702,0.016,1.1750540372696567
128.54,0.587,1.932,0.016,1.4746131687442576
128.56,0.547,1.588,0.019,1.3292152642344226
128.57,0.534,1.627,0.016,1.4484954119512903
128.57,0.504,1.638,0.015,1.2076584818275313
128.57,0.554,1.92,0.015,1.4982510320218214
128.58,0.571,1.593,0.016,1.4868268957661197
128.59,0.548,1.594,0.016,1.2771594983110857
128.6,0.597,1.602,0.019,1.1231201290745463
128.62,0.574,1.735,0.018,1.4921089144255795
128.63,0.533,1.685,0.016,1.1954317323871604
128.63,0.571,1.616,0.015,1.3751736067212033
128.63,0.502,1.587,0.016,1.0258291051735016
128.63,0.553,1.828,0.016,1.2338475682484327
128.64,0.556,1.831,0.015,1.1292847615871584
128.64,0.552,1.932,0.016,1.041063263206141
128.65,0.533,1.763,0.017,1.3568945497845681
128.65,0.504,1.81,0.015,1.4019463276036963
128.65,0.542,1.957,0.016,1.4064286701696038
128.65,0.599,1.917,0.015,1.12095458198426
128.66,0.516,1.962,0.016,1.430289344990597
128.67,0.578,1.666,0.018,1.1914272692027468
128.67,0.55,1.506,0.018,1.4281291961956981
128.67,0.583,1.779,0.018,1.149844873741601
128.68,0.582,1.968,0.019,1.284228339859078
128.68,0.582,1.75,0.019,1.2129731458833515
128.7,0.582,1.832,0.016,1.3477886561377193
128.71,0.575,1.754,0.015,1.2874062583705208
128.71,0.56,1.606,0.015,1.14223791886982
128.71,0.567,1.915,0.019,1.4336125106831232
128.71,0.59,1.632,0.017,1.3383983454191195
128.72,0.594,1.517,0.016,1.1942683936596006
128.72,0.501,1.55,0.017,1.3087116077760674
128.72,0.56,1.817,0.018,1.0765512906555896
128.73,0.54,1.577,0.015,1.0368717771441684
128.73,0.509,1.941,0.016,1.325447508077561
128.74,0.554,1.666,0.019,1.3667646816668813
128.74,0.586,1.904,0.018,1.3750566140781344
128.74,0.5,1.997,0.017,1.2300168409112366
128.74,0.555,1.763,0.019,1.1196953000389993
128.75,0.502,1.624,0.018,1.4179386817800201
128.75,0.555,1.713,0.017,1.4631073922540891
128.76,0.513,1.779,0.015,1.012229628371385
128.76,0.552,1.828,0.017,1.0373424610911186
128.76,0.527,1.747,0.016,1.250530371933103
128.76,0.556,1.55,0.017,1.495395940176467
128.77,0.566,1.609,0.016,1.2852368563730137
128.77,0.547,1.721,0.017,1.1914867715623596
128.77,0.572,1.528,0.019,1.1230557807676953
128.77,0.544,1.849,0.015,1.0562553679505593
128.79,0.521,1.782,0.016,1.3518524090898407
128.79,0.518,1.971,0.017,1.4012622621456312
128.79,0.571,1.562,0.015,1.3231343712683339
128.8,0.583,1.746,0.018,1.0125229593304736
128.8,0.531,1.885,0.016,1.339662630632093
128.81,0.548,1.644,0.017,1.2612111369698678
128.82,0.593,1.793,0.016,1.1430571732958894
128.82,0.559,1.563,0.018,1.1184362529008363
128.83,0.573,1.512,0.015,1.1271978914519707
128.83,0.594,1.538,0.015,1.0823572496316354
128.83,0.591,1.572,0.017,1.4225916608788114
128.83,0.556,1.705,0.017,1.2665311951950646
128.83,0.52,1.602,0.018,1.3266363994755381
128.83,0.544,1.699,0.019,1.2235340033701059
128.84,0.516,1.659,0.018,1.3753713989535483
128.84,0.522,1.517,0.015,1.3771908295192132
128.85,0.521,1.595,0.016,1.1196298337079071
128.85,0.512,1.723,0.017,1.4818589835912443
128.85,0.538,1.792,0.015,1.077902234997114
128.86,0.573,1.671,0.016,1.0953565699702197
128.87,0.56,1.807,0.018,1.2385414255403333
128.88,0.543,1.52,0.017,1.1908742643357044
128.88,0.545,1.918,0.017,1.3263491284036166
128.88,0.567,1.563,0.016,1.2362078120388627
128.88,0.57,1.64,0.017,1.152553809543507
128.89,0.587,1.593,0.015,1.4823164686659087
128.89,0.502,1.922,0.016,1.37252136026602
128.9,0.505,1.767,0.016,1.1611800442020928
128.9,0.551,1.774,0.016,1.2475079136664968
128.9,0.551,1.611,0.017,1.069382101782603
128.91,0.588,1.854,0.017,1.0964570606846824
128.92,0.522,1.894,0.019,1.0296351395390309
128.93,0.512,1.606,0.018,1.4585921545879397
128.93,0.519,1.618,0.019,1.4447171405126364
128.94,0.569,1.634,0.018,1.0228019112786813
128.94,0.546,1.87,0.016,1.2785147260744971
128.94,0.534,1.71,0.019,1.1364216707495776
128.95,0.513,1.54,0.019,1.1976853790384752
128.95,0.529,1.949,0.018,1.4812333530412074
128.95,0.591,1.946,0.019,1.2780333404892978
128.95,0.568,1.851,0.015,1.1338840100203527
128.95,0.582,1.964,0.018,1.29579067238442
128.96,0.581,1.51,0.017,1.2273277877427713
128.96,0.518,1.565,0.016,1.256721328708351
128.96,0.528,1.568,0.015,1.0618840013349158
128.96,0.511,1.533,0.016,1.1801993002401374
128.97,0.556,1.616,0.018,1.420701028518049
128.98,0.553,1.923,0.015,1.0663751692886634
128.99,0.554,1.756,0.016,1.2661616607063575
129.0,0.552,1.823,0.016,1.1493773523782491
129.01,0.591,1.66,0.015,1.490458568020379
129.01,0.569,1.642,0.016,1.1938298155143237
129.01,0.545,1.593,0.017,1.032484977877511
129.02,0.507,1.676,0.019,1.2012232179946647
129.02,0.599,1.558,0.015,1.413710473779765
129.03,0.596,1.904,0.017,1.3560760218855616
129.03,0.504,1.831,0.019,1.4351174081962403
129.03,0.543,1.809,0.019,1.1386356668195854
129.04,0.519,1.85,0.017,1.2804484028498557
129.04,0.567,1.949,0.018,1.4338365019346175
129.05,0.541,1.879,0.016,1.1520776652345426
129.05,0.511,1.773,0.017,1.3135596039717723
129.05,0.543,1.885,0.019,1.4940071705953328
129.06,0.519,1.983,0.019,1.0558112464695806
129.07,0.528,1.621,0.019,1.286933760722074
129.07,0.53,1.998,0.019,1.1076926010076975
129.08,0.599,1.983,0.018,1.0951330273266577
129.08,0.511,1.693,0.019,1.3477195730384157
129.08,0.528,1.944,0.017,1.3684037421212494
129.09,0.586,1.564,0.015,1.4248746354403905
129.1,0.582,1.924,0.019,1.3467114027304945
129.1,0.523,1.834,0.018,1.2963380277170202
129.1,0.565,1.609,0.016,1.452840824764714
129.1,0.511,1.645,0.016,1.1515136159549908
129.11,0.533,1.754,0.015,1.15801730178153
129.12,0.593,1.894,0.018,1.0640087249299028
129.12,0.562,1.738,0.015,1.411490462616965
129.13,0.511,1.834,0.015,1.2467801149093387
129.13,0.558,1.8,0.019,1.1824326322126721
129.13,0.513,1.783,0.015,1.4754678332705162
129.13,0.551,1.54,0.017,1.3477646020703657
129.13,0.584,1.952,0.015,1.1159666285133574
129.14,0.582,1.546,0.019,1.3041350813146997
129.14,0.548,1.624,0.015,1.1326523512225217
129.14,0.538,1.56,0.015,1.0418684824286326
129.14,0.551,1.712,0.018,1.3090912891693243
129.16,0.56,1.509,0.015,1.4651441228555675
129.16,0.567,1.571,0.018,1.4081067165757852
129.16,0.526,1.936,0.017,1.3240338245684704
129.17,0.599,1.869,0.018,1.4854258384847592
129.17,0.585,1.88,0.016,1.1592499923056527
129.17,0.537,1.74,0.016,1.1343646514201353
129.17,0.503,1.722,0.019,1.1512677211050029
129.18,0.539,1.523,0.016,1.1977425262492432
129.19,0.55,1.716,0.017,1.0378401292907935
129.19,0.541,1.629,0.017,1.1719970999122107
129.21,0.551,1.74,0.015,1.1290010992239923
129.21,0.557,1.682,0.015,1.2524818865222527
129.22,0.531,1.634,0.019,1.0704650240814981
129.23,0.582,1.927,0.018,1.4959541837221648
129.24,0.529,1.922,0.015,1.341953033881364
129.25,0.569,1.554,0.018,1.1928554001435203
129.26,0.58,1.783,0.015,1.1534650116190082
129.26,0.577,1.939,0.019,1.4129391350539744
129.27,0.537,1.778,0.019,1.0282096662497746
129.27,0.551,1.955,0.019,1.3691272581324603
129.27,0.592,1.906,0.019,1.0677409648605267
129.27,0.557,1.918,0.015,1.119548981374939
129.28,0.529,1.76,0.016,1.1685765676088815
129.28,0.549,1.556,0.017,1.101858271605261
129.28,0.568,1.868,0.017,1.1498933747898188
129.29,0.543,1.561,0.019,1.0300336002162571
129.29,0.509,1.511,0.018,1.3414196111191263
129.3,0.5,1.719,0.019,1.4761040997099752
129.3,0.595,1.809,0.015,1.2890400768360344
129.3,0.518,1.88,0.017,1.0923486266476437
129.3,0.552,1.849,0.015,1.0658810221989152
129.3,0.575,1.873,0.017,1.3026900680482314
129.31,0.544,1.905,0.019,1.1153643965144195
129.31,0.592,1.511,0.019,1.0165158809694428
129.31,0.556,1.987,0.015,1.3098785785646567
129.31,0.5,1.86,0.017,1.1326244153099845
129.32,0.539,1.579,0.017,1.1290287609764937
129.32,0.593,1.911,0.019,1.1606255864624582
129.32,0.557,1.913,0.015,1.4810718107691394
129.33,0.598,1.749,0.017,1.331820071258266
129.33,0.509,1.618,0.015,1.3997232729952658
129.33,0.556,1.852,0.019,1.0338928731527102
129.33,0.562,1.812,0.018,1.2755481090621343
129.34,0.562,1.675,0.018,1.4741934658653648
129.34,0.57,1.864,0.017,1.3745216181720918
129.35,0.572,1.919,0.016,1.2066670148672423
129.36,0.529,1.635,0.019,1.2009802266559921
129.36,0.561,1.568,0.018,1.2804587289810105
129.38,0.564,1.617,0.015,1.4263320931085408
129.38,0.539,1.763,0.019,1.1975783703252847
129.38,0.532,1.752,0.015,1.4373464723610567
129.38,0.565,1.675,0.016,1.167065702047411
129.38,0.508,1.87,0.018,1.2296166403458517
129.41,0.58,1.825,0.015,1.4324670748326205
129.41,0.571,1.699,0.019,1.031587507544542
129.41,0.504,1.748,0.019,1.2346924761866178
129.42,0.574,1.92,0.019,1.1155609126313624
129.42,0.591,1.569,0.015,1.1718971573581973
129.42,0.528,1.94,0.016,1.299689120111197
129.43,0.5,1.883,0.017,1.1007796386657882
129.43,0.562,1.791,0.018,1.1527222817905054
129.43,0.565,1.919,0.018,1.1048381009602986
129.43,0.514,1.671,0.018,1.0127952602085302
129.44,0.58,1.733,0.017,1.2154198372314822
129.44,0.525,1.899,0.016,1.2035560131241205
129.44,0.5,1.628,0.015,1.0573337592026908
129.44,0.54,1.815,0.015,1.3159897216086283
129.45,0.53,1.856,0.018,1.4590009719773098
129.45,0.531,1.763,0.017,1.3280288081919447
129.45,0.577,1.886,0.019,1.1805789358377041
129.45,0.547,1.709,0.015,1.0380980503527946
129.46,0.53,1.995,0.016,1.4520622745577008
129.46,0.586,1.752,0.019,1.2483889349333679
129.46,0.55,1.867,0.015,1.4744661581731664
129.46,0.567,1.841,0.016,1.230684474065627
129.46,0.588,1.813,0.015,1.4778187207537936
129.47,0.59,1.911,0.018,1.1353547414612015
129.48,0.501,1.901,0.017,1.4208020675927786
129.48,0.578,1.979,0.019,1.4075789918871895
129.48,0.516,1.987,0.018,1.2980811120394902
129.49,0.506,1.892,0.019,1.1984026330596595
129.49,0.504,1.669,0.016,1.167640975259477
129.49,0.582,1.746,0.015,1.0769144902931729
129.49,0.569,1.589,0.019,1.4740473762436808
129.5,0.52,1.556,0.018,1.3106233107081298
129.5,0.549,1.71,0.018,1.430099002972225
129.5,0.586,1.85,0.015,1.443522535713812
129.5,0.512,1.642,0.019,1.1929711985113602
129.51,0.53,1.676,0.018,1.2900909156386782
129.51,0.586,1.778,0.018,1.0817754106370407
129.52,0.589,1.845,0.018,1.0230179191535294
129.52,0.527,1.893,0.015,1.270851062680253
129.52,0.535,1.795,0.016,1.1050916054516788
129.53,0.528,1.971,0.015,1.0643163891621503
129.53,0.571,1.913,0.019,1.1076867838316797
129.55,0.567,1.873,0.017,1.35764347383678
129.56,0.532,1.691,0.019,1.4306998178446821
129.56,0.565,1.629,0.018,1.2748710976894426
129.56,0.583,1.883,0.019,1.2399958771819162
129.57,0.505,1.827,0.015,1.1934314630500045
129.57,0.533,1.651,0.015,1.1383816357930532
129.57,0.576,1.746,0.019,1.2627250180316676
129.58,0.539,1.52,0.016,1.3688893484667681
129.58,0.585,1.611,0.016,1.3517470157459828
129.58,0.551,1.797,0.019,1.1563961787718198
129.59,0.544,1.677,0.016,1.3952923304063032
129.59,0.515,1.836,0.018,1.3742633976461032
129.6,0.507,1.656,0.015,1.2507709499865225
129.6,0.56,1.801,0.017,1.1307993801346272
129.61,0.564,1.926,0.015,1.3343584577003798
129.62,0.593,1.971,0.016,1.404559701665105
129.62,0.545,1.863,0.016,1.074513270095566
129.63,0.517,1.522,0.017,1.089906464957558
129.63,0.522,1.752,0.017,1.1222600025853913
129.64,0.599,1.796,0.016,1.3787700154066462
129.65,0.568,1.86,0.016,1.1486683805437377
129.65,0.536,1.732,0.019,1.325813595781702
129.65,0.552,1.521,0.015,1.3465737094160009
129.66,0.569,1.809,0.015,1.0224481765865847
129.66,0.542,1.802,0.018,1.0721344013748793
129.66,0.542,1.512,0.016,1.3165678587981386
129.66,0.501,1.569,0.016,1.2274454545992808
129.66,0.501,1.586,0.015,1.1560979669657943
129.67,0.514,1.853,0.018,1.0438993154308625
129.67,0.548,1.938,0.018,1.0485814422387905
129.68,0.505,1.617,0.017,1.287402051344402
129.68,0.517,1.584,0.015,1.1091904260926133
129.68,0.525,1.506,0.018,1.3085988364758643
129.69,0.578,1.764,0.015,1.0744935338183474
129.7,0.531,1.798,0.016,1.1157116064988863
129.7,0.531,1.917,0.018,1.4738839499072534
129.71,0.566,1.857,0.015,1.428096783992183
129.72,0.596,1.516,0.017,1.2240504438652744
129.72,0.514,1.815,0.018,1.292521786567804
129.72,0.583,1.861,0.017,1.4934455091460963
129.73,0.534,1.858,0.018,1.133891868163738
129.73,0.5,1.628,0.017,1.1189193719607535
129.74,0.582,1.671,0.017,1.3506962733874959
129.74,0.564,1.549,0.019,1.175205970023367
129.74,0.555,1.885,0.015,1.025444699627568
129.74,0.536,1.632,0.019,1.1369328435775028
129.74,0.575,1.593,0.015,1.1273898704195553
129.74,0.516,1.648,0.019,1.3985891898539466
129.75,0.542,1.665,0.016,1.1147319631210193
129.75,0.548,1.96,0.018,1.0298087000503744
129.75,0.541,1.923,0.015,1.2967881861227495
129.76,0.51,1.671,0.019,1.2669079506753007
129.76,0.586,1.606,0.017,1.258960288012344
129.76,0.551,1.685,0.016,1.2208691566590941
129.76,0.577,1.767,0.019,1.1872148616106406
129.77,0.58,1.665,0.018,1.3009130958774093
129.78,0.585,1.746,0.016,1.445353989850024
129.78,0.56,1.514,0.019,1.0953913924766203
129.79,0.56,1.821,0.015,1.3219769926944653
129.79,0.595,1.719,0.017,1.2974852494692066
129.79,0.558,1.808,0.019,1.039810377194043
129.79,0.596,1.664,0.019,1.0740165951372211
129.82,0.588,1.621,0.017,1.3859353468391915
129.83,0.567,1.543,0.016,1.4804386861603458
129.83,0.518,1.816,0.015,1.0302579383553223
129.83,0.513,1.685,0.015,1.0396191779744697
129.83,0.517,1.78,0.017,1.0403171704356002
129.83,0.582,1.639,0.018,1.287629969687626
129.83,0.527,1.63,0.019,1.361841628987304
129.84,0.587,1.771,0.016,1.3412197834602129
129.84,0.566,1.736,0.015,1.473464446331869
129.84,0.519,1.68,0.016,1.2524366433796703
129.84,0.56,1.701,0.018,1.2036077318634786
129.86,0.511,1.856,0.016,1.4020085990168725
129.87,0.519,1.858,0.017,1.4133224213868443
129.88,0.527,1.669,0.017,1.2897692350816283
129.88,0.569,1.908,0.019,1.3363346679206707
129.88,0.557,1.823,0.019,1.422405220643824
129.88,0.526,1.878,0.016,1.2035326197353267
129.89,0.599,1.69,0.016,1.006033918723209
129.89,0.572,1.761,0.019,1.054651401737733
129.9,0.561,1.946,0.019,1.316980864648471
129.9,0.569,1.525,0.019,1.1152534766238356
129.9,0.526,1.711,0.017,1.1547165034498226
129.91,0.56,1.6,0.019,1.2639214505289567
129.91,0.541,1.717,0.018,1.4402496834053888
129.92,0.555,1.738,0.018,1.438696649372355
129.92,0.579,1.755,0.016,1.3912093749186119
129.92,0.568,1.675,0.017,1.2995703641671104
129.92,0.5,1.569,0.019,1.223179254830705
129.92,0.544,1.592,0.018,1.4996289610242775
129.93,0.529,1.974,0.019,1.0133224302025512
129.93,0.58,1.65,0.017,1.2164199050224203
129.93,0.528,1.504,0.015,1.352049271840057
129.93,0.556,1.943,0.015,1.2785241776347729
129.94,0.518,1.853,0.019,1.2302527258453901
129.95,0.516,1.683,0.015,1.0018324159984626
129.96,0.571,1.742,0.018,1.169165674708526
129.96,0.521,1.785,0.016,1.0496284113374272
129.96,0.538,1.881,0.018,1.1951410279852697
129.97,0.593,1.644,0.015,1.1130190575538965
129.98,0.587,1.947,0.016,1.3072349463942197
129.98,0.527,1.729,0.015,1.0426617989471558
129.98,0.569,1.896,0.017,1.0169990269615836
129.98,0.569,1.948,0.016,1.4240520348815566
129.98,0.585,1.77,0.017,1.419437704830492
129.99,0.544,1.515,0.017,1.0572627292837333
130.0,0.507,1.506,0.016,1.1220331012362128
130.0,0.502,1.936,0.016,1.3357518950297884
130.01,0.505,1.89,0.018,1.1359723767887873
130.02,0.531,1.768,0.018,1.1773188696586465
130.02,0.529,1.549,0.017,1.2417062059701611
130.04,0.569,1.684,0.019,1.1915112667410694
130.05,0.597,1.534,0.016,1.3862560942551552
130.05,0.514,1.9,0.016,1.0750036893732844
130.05,0.509,1.888,0.015,1.411577501956689
130.07,0.598,1.581,0.016,1.3137436600434285
130.07,0.561,1.761,0.015,1.0340660871868583
130.07,0.538,1.504,0.019,1.1363079560872993
130.08,0.584,1.517,0.017,1.4531589762472912
130.09,0.574,1.853,0.019,1.1527898107326058
130.09,0.536,1.812,0.015,1.3314123845146977
130.09,0.577,1.848,0.016,1.0247490911927453
130.09,0.573,1.705,0.018,1.0749667511261816
130.09,0.532,1.57,0.015,1.2073924237053286
130.1,0.56,1.714,0.017,1.030948853252803
130.1,0.508,1.784,0.019,1.1643771761384076
130.11,0.523,1.516,0.018,1.4512324535981023
130.11,0.543,1.813,0.019,1.4849051051336006
130.12,0.567,1.784,0.017,1.4978314935953525
130.12,0.531,1.755,0.016,1.4025731246768034
130.12,0.598,1.962,0.015,1.3143912248732983
130.13,0.529,1.996,0.015,1.1152251046435917
130.14,0.525,1.71,0.016,1.0157363365213203
130.14,0.58,1.771,0.017,1.072073797675193
130.14,0.51,1.813,0.017,1.3370133727728757
130.14,0.557,1.57,0.018,1.077840625119687
130.15,0.514,1.631,0.016,1.0126150103149545
130.15,0.568,1.526,0.015,1.0640819420751266
130.16,0.512,1.572,0.016,1.4591249733824234
130.16,0.592,1.658,0.019,1.2114408491069923
130.16,0.592,1.574,0.015,1.3694268959590477
130.16,0.531,1.983,0.015,1.4581378736713966
130.16,0.558,1.581,0.017,1.0275367256037264
130.16,0.514,1.744,0.016,1.3510069067524841
130.16,0.575,1.995,0.018,1.4094516599663947
130.18,0.532,1.956,0.016,1.0205073231457567
130.18,0.575,1.784,0.016,1.0277121235560012
130.18,0.576,1.559,0.017,1.1992124663316615
130.18,0.561,1.753,0.016,1.4975278140598562
130.18,0.583,1.687,0.018,1.3315222455392108
130.19,0.561,1.575,0.018,1.220852056350733
130.19,0.546,1.845,0.018,1.0985383619288729
130.19,0.527,1.734,0.019,1.2851921050614432
130.19,0.539,1.926,0.018,1.2728746733621195
130.2,0.511,1.571,0.019,1.3457133073542527
130.2,0.539,1.725,0.017,1.305977811394979
130.2,0.561,1.629,0.018,1.3841050468548148
130.21,0.587,1.654,0.016,1.0260113600628697
130.21,0.546,1.941,0.017,1.3289301072485147
130.21,0.513,1.997,0.018,1.2058697879473304
130.21,0.505,1.664,0.016,1.0491403560965602
130.22,0.52,1.778,0.019,1.0612820196968649
130.22,0.596,1.635,0.017,1.3625961465975767
130.23,0.579,1.721,0.019,1.1418304507712467
130.23,0.531,1.99,0.018,1.1340583803718192
130.24,0.573,1.75,0.017,1.3170462330759118
130.25,0.509,1.787,0.016,1.2028184008702585
130.26,0.554,1.511,0.016,1.3721345140823047
130.27,0.59,1.54,0.016,1.1003518857678434
130.27,0.574,1.597,0.019,1.3801851399934935
130.27,0.592,1.719,0.018,1.090550389423446
130.28,0.532,1.99,0.019,1.1379156723061459
130.28,0.57,1.69,0.016,1.1457800510692957
130.28,0.571,1.987,0.018,1.4741448263430732
130.28,0.586,1.759,0.018,1.3901912737517717
130.29,0.598,1.549,0.016,1.4971689648732853
130.29,0.539,1.51,0.018,1.147965000038687
130.3,0.596,1.889,0.019,1.1033467809928292
130.3,0.581,1.836,0.019,1.443832337689814
130.3,0.567,1.825,0.019,1.493319094992644
130.3,0.544,1.935,0.018,1.47418931578579
130.3,0.535,1.683,0.019,1.0746690409744912
130.31,0.585,1.864,0.016,1.0023807582480782
130.32,0.569,1.881,0.018,1.4029072233996678
130.32,0.52,1.677,0.019,1.0743992969386842
130.33,0.552,1.635,0.018,1.1704349110500591
130.33,0.5,1.597,0.018,1.3541783880871618
130.34,0.597,1.564,0.015,1.3916488899223747
130.34,0.582,1.957,0.015,1.292576080270403
130.34,0.529,1.89,0.016,1.1483651584683743
130.34,0.514,1.887,0.016,1.3420334146732125
130.35,0.578,1.767,0.019,1.1398089108008764
130.35,0.549,1.559,0.015,1.3567872678739685
130.35,0.502,1.512,0.019,1.474838221771815
130.36,0.561,1.79,0.015,1.3057794842045192
130.38,0.525,1.596,0.017,1.3540481909189281
130.38,0.582,1.589,0.015,1.0401466369431491
130.38,0.551,1.957,0.016,1.210195836555631
130.39,0.596,1.672,0.016,1.1114506297713975
130.39,0.527,1.673,0.018,1.4203339502100576
130.41,0.501,1.629,0.016,1.1408953568991291
130.41,0.565,1.507,0.017,1.2293866570154544
130.41,0.595,1.78,0.019,1.2583614161924204
130.42,0.542,1.941,0.019,1.192519047959013
130.42,0.595,1.891,0.018,1.0580637754910955
130.42,0.52,1.949,0.015,1.3937691998009618
130.42,0.531,1.667,0.015,1.4729559062946136
130.42,0.592,1.722,0.019,1.1987900951736723
130.43,0.54,1.769,0.018,1.3290870800523067
130.44,0.547,1.796,0.017,1.4994026578245108
130.44,0.585,1.607,0.016,1.0977927944483195
130.45,0.503,1.64,0.016,1.302221171472286
130.46,0.591,1.945,0.016,1.2855115229152287
130.46,0.554,1.993,0.018,1.2252911716866401
130.46,0.509,1.661,0.017,1.011164911740831
130.46,0.502,1.847,0.018,1.2071095619429084
130.47,0.582,1.761,0.015,1.1744991805273097
130.48,0.581,1.571,0.019,1.2821104098317644
130.49,0.51,1.967,0.015,1.3881045967896903
130.49,0.586,1.917,0.018,1.2774374529355905
130.49,0.565,1.903,0.019,1.271990886266123
130.5,0.542,1.804,0.018,1.172006046171066
130.51,0.531,1.701,0.015,1.4625418856872834
130.51,0.525,1.911,0.017,1.4381332328919165
130.51,0.519,1.887,0.019,1.1136338461856696
130.51,0.545,1.87,0.017,1.126216400476808
130.52,0.519,1.56,0.018,1.297310552837905
130.52,0.521,1.953,0.015,1.116009428258829
130.52,0.519,1.584,0.016,1.090397430501679
130.52,0.556,1.741,0.019,1.102744877942082
130.53,0.512,1.847,0.016,1.0832065322768665
130.53,0.535,1.911,0.016,1.1434799291648612
130.54,0.566,1.573,0.018,1.1037955226754677
130.54,0.59,1.852,0.019,1.202508380620741
130.54,0.511,1.554,0.016,1.3560035283082486
130.54,0.526,1.528,0.018,1.1150651613654112
130.54,0.582,1.89,0.018,1.0459956968374389
130.55,0.552,1.946,0.018,1.178791997671563
130.55,0.548,1.511,0.015,1.1351968085884923
130.56,0.554,1.68,0.017,1.3917607318057605
130.56,0.597,1.753,0.019,1.3232125699378388
130.56,0.515,1.566,0.019,1.1828949735149386
130.57,0.538,1.845,0.017,1.11739288263668
130.57,0.514,1.755,0.015,1.4882908644402848
130.57,0.507,1.893,0.019,1.3465098621455927
130.57,0.575,1.708,0.017,1.0397466637964068
130.58,0.553,1.799,0.019,1.2055813884056463
130.59,0.5,1.775,0.016,1.3059513855995135
130.59,0.555,1.601,0.016,1.0102021944666384
130.61,0.514,1.613,0.015,1.3685099198223898
130.61,0.52,1.681,0.017,1.4711403325481434
130.62,0.517,1.619,0.017,1.3447127323784278
130.62,0.523,1.611,0.015,1.489328569180719
130.62,0.519,1.585,0.019,1.3687787110864589
130.62,0.564,1.781,0.019,1.2777214542763942
130.63,0.548,1.825,0.017,1.1770864448326301
130.65,0.524,1.529,0.015,1.0636520413029331
130.66,0.572,1.547,0.018,1.1870305232411236
130.66,0.595,1.669,0.018,1.4621121703275122
130.66,0.545,1.729,0.019,1.1421815963358675
130.66,0.597,1.584,0.019,1.1051193109562933
130.68,0.535,1.896,0.016,1.4948823809731127
130.68,0.528,1.869,0.017,1.3161426972450017
130.68,0.503,1.679,0.018,1.1271423018588518
130.69,0.554,1.732,0.019,1.4750311804775609
130.69,0.555,1.731,0.017,1.4046758862599011
130.69,0.527,1.612,0.016,1.4661790455423498
130.69,0.511,1.915,0.016,1.4230757171710784
130.69,0.584,1.632,0.017,1.4439161576203332
130.7,0.558,1.752,0.015,1.3284322604709664
130.7,0.542,1.697,0.019,1.4393096375756995
130.7,0.505,1.577,0.015,1.482387945613355
130.7,0.538,1.884,0.018,1.189313490064992
130.7,0.595,1.913,0.016,1.484195314975605
130.71,0.53,1.778,0.017,1.1767390201374928
130.71,0.516,1.699,0.017,1.4508780827880412
130.71,0.512,1.939,0.018,1.3194351254013006
130.72,0.526,1.795,0.019,1.1672243010359484
130.72,0.521,1.691,0.017,1.3620226550079508
130.74,0.577,1.865,0.019,1.0719150564594409
130.74,0.576,1.898,0.015,1.312824881874914
130.75,0.552,1.503,0.016,1.2382432124249334
130.75,0.573,1.808,0.017,1.165356593030456
130.76,0.569,1.593,0.015,1.3621607170146335
130.76,0.572,1.796,0.019,1.2442706349122727
130.76,0.569,1.855,0.019,1.120654621797064
130.77,0.574,1.504,0.017,1.1483156431325345
130.77,0.56,1.969,0.017,1.0324086198299018
130.79,0.585,1.58,0.015,1.218249963454897
130.79,0.546,1.595,0.018,1.3354393387109207
130.79,0.584,1.92,0.018,1.1531837085662162
130.81,0.537,1.949,0.019,1.4896345172208325
130.81,0.533,1.879,0.019,1.2511076300371875
130.82,0.532,1.74,0.016,1.4552338041972508
130.82,0.533,1.706,0.016,1.4234389389746513
130.82,0.544,1.519,0.017,1.1132600776330939
130.82,0.528,1.856,0.015,1.4570540006245385
130.82,0.52,1.905,0.019,1.0279600072186263
130.83,0.563,1.797,0.019,1.1291155427203408
130.83,0.513,1.619,0.016,1.1437843053333565
130.84,0.539,1.536,0.018,1.4362288997379031
130.84,0.565,1.596,0.019,1.1851478459466434
130.85,0.559,1.652,0.015,1.0128077208724013
130.86,0.533,1.617,0.015,1.4688769694197168
130.86,0.549,1.501,0.018,1.0663134893575053
130.86,0.544,1.911,0.019,1.3773787370767032
130.87,0.552,1.708,0.019,1.3750487667513827
130.88,0.508,1.793,0.019,1.218417212938313
130.88,0.529,1.573,0.019,1.0008078867846457
130.88,0.52,1.971,0.019,1.3957643020509767
130.89,0.545,1.508,0.015,1.1939313186317935
130.89,0.561,1.66,0.016,1.412407954042154
130.89,0.559,1.81,0.016,1.0097405740409726
130.9,0.591,1.853,0.016,1.0514607305891308
130.91,0.512,1.719,0.015,1.1189452889701907
130.91,0.545,1.615,0.019,1.0842017299242885
130.91,0.538,1.659,0.017,1.4266165854630017
130.91,0.594,1.985,0.016,1.190412183564702
130.92,0.561,1.664,0.018,1.2715777358987363
130.92,0.588,1.714,0.017,1.4439390364908604
130.92,0.504,1.727,0.018,1.3696447184894114
130.92,0.524,1.865,0.015,1.3937535968571688
130.93,0.559,1.866,0.015,1.19031554836215
130.94,0.542,1.901,0.016,1.0520972460466884
130.95,0.538,1.591,0.019,1.3193277796310048
130.95,0.527,1.851,0.018,1.462359466664724
130.96,0.546,1.504,0.018,1.2060494046748778
130.96,0.554,1.625,0.016,1.3361854399826774
130.97,0.584,1.8,0.015,1.3209606454182456
130.97,0.523,1.734,0.019,1.0873553633986786
130.97,0.532,1.726,0.015,1.2046940815108216
130.98,0.565,1.925,0.018,1.3206375828621417
130.98,0.576,1.91,0.018,1.0148947350281299
130.99,0.54,1.551,0.015,1.0602031008704547
131.0,0.582,1.95,0.015,1.4060456024259465
131.0,0.514,1.612,0.019,1.2050482108439138
131.0,0.544,1.996,0.019,1.4933759607496424
131.0,0.523,1.887,0.015,1.3604390038128513
131.01,0.569,1.65,0.019,1.403535641152644
131.01,0.508,1.651,0.017,1.404967741496304
131.02,0.573,1.639,0.019,1.0982566602065464
131.02,0.529,1.542,0.016,1.3301826050532077
131.02,0.524,1.928,0.019,1.3130934122802425
131.03,0.559,1.858,0.017,1.1182814433775883
131.03,0.56,1.745,0.019,1.2530976931648223
131.03,0.522,1.648,0.016,1.2705438320956046
131.04,0.554,1.628,0.016,1.1493248401925917
131.04,0.553,1.728,0.017,1.2064120593146763
131.04,0.555,1.736,0.019,1.1552635242642257
131.05,0.517,1.649,0.016,1.2449802742204525
131.05,0.566,1.966,0.016,1.059452002102316
131.08,0.554,1.817,0.018,1.1537230841830788
131.08,0.576,1.564,0.019,1.456891310677349
131.08,0.554,1.991,0.019,1.3748085913313526
131.08,0.583,1.621,0.016,1.2927667862554968
131.09,0.523,1.606,0.017,1.1094645323683503
131.09,0.581,1.875,0.015,1.0817774321896974
131.1,0.541,1.928,0.015,1.1028399462046172
131.11,0.529,1.536,0.015,1.2753916640921257
131.11,0.584,1.622,0.016,1.0341907868926983
131.11,0.594,1.685,0.018,1.4301489724651295
131.11,0.587,1.991,0.019,1.094846301462775
131.11,0.505,1.885,0.019,1.3703218683802798
131.11,0.537,1.84,0.017,1.4939582144774153
131.11,0.573,1.956,0.016,1.0781588397770159
131.11,0.533,1.508,0.019,1.1407486125526605
131.12,0.501,1.628,0.016,1.0391758707969734
131.12,0.587,1.759,0.017,1.4868846310125927
131.12,0.591,1.7,0.018,1.3280763416818089
131.12,0.529,1.51,0.019,1.4535791772200937
131.12,0.599,1.917,0.015,1.4342614261881421
131.13,0.532,1.957,0.016,1.3752767773895282
131.14,0.506,1.616,0.018,1.4378093678330006
131.14,0.511,1.782,0.019,1.3682929832539155
131.15,0.592,1.978,0.017,1.1910764604725212
131.15,0.545,1.995,0.017,1.4454171745073212
131.15,0.578,1.593,0.018,1.4216065973267291
131.15,0.505,1.827,0.017,1.2491963291249397
131.16,0.553,1.818,0.019,1.2378171557040696
131.16,0.566,1.929,0.016,1.2848740409324528
131.16,0.575,1.511,0.017,1.1241907463307994
131.16,0.523,1.71,0.018,1.3639283274174363
131.16,0.562,1.597,0.016,1.4213532853185782
131.16,0.58,1.817,0.018,1.1032685471665071
131.17,0.537,1.685,0.016,1.0577972635719797
131.17,0.556,1.796,0.018,1.0514704338306944
131.17,0.554,1.843,0.016,1.4961678082888248
131.17,0.598,1.728,0.018,1.2073256480405443
131.17,0.583,1.738,0.015,1.339178184459596
131.18,0.552,1.998,0.019,1.0593138997170632
131.18,0.569,1.676,0.019,1.1062930316173278
131.19,0.56,1.8,0.018,1.071292361883061
131.19,0.505,1.967,0.017,1.1195850987742089
131.19,0.576,1.597,0.015,1.1382559940659434
131.2,0.558,1.507,0.017,1.039631262271135
131.2,0.538,1.826,0.019,1.2095591814339475
131.21,0.517,1.688,0.019,1.162983973691921
131.21,0.582,1.665,0.017,1.3856842370779159
131.23,0.529,1.77,0.015,1.4477323512281095
131.23,0.599,1.894,0.017,1.417485641585362
131.23,0.514,1.67,0.019,1.2604154781832557
131.23,0.504,1.832,0.016,1.4211258574113248
131.24,0.515,1.76,0.016,1.0862324178087637
131.24,0.536,1.743,0.018,1.3386571518210046
131.24,0.563,1.596,0.019,1.2066246722281149
131.24,0.592,1.572,0.017,1.4341089358725285
131.24,0.57,1.709,0.016,1.276737232736316
131.25,0.543,1.721,0.019,1.2638688957501873
131.26,0.546,1.824,0.017,1.3849681407873398
131.26,0.503,1.604,0.019,1.0057647511525911
131.27,0.534,1.924,0.018,1.0752266913673283
131.28,0.594,1.842,0.015,1.092319981564006
131.28,0.503,1.974,0.019,1.012143122426969
131.29,0.505,1.89,0.016,1.2459130611634712
131.29,0.56,1.557,0.017,1.3785759974895946
131.3,0.507,1.759,0.019,1.1700164396756432
131.3,0.551,1.655,0.018,1.4530626230061419
131.3,0.559,1.85,0.017,1.3207558587522716
131.32,0.5,1.828,0.018,1.3268211489284427
131.32,0.588,1.753,0.019,1.3487383201855645
131.32,0.575,1.927,0.018,1.4282909352274928
131.33,0.568,1.732,0.019,1.1871900562591295
131.34,0.501,1.654,0.015,1.47655709834005
131.34,0.536,1.641,0.018,1.2992220563004755
131.35,0.597,1.687,0.015,1.4425319321459182
131.36,0.581,1.742,0.018,1.1887756857801657
131.36,0.509,1.727,0.019,1.2691653596680017
131.38,0.544,1.67,0.015,1.154508707715473
131.38,0.598,1.934,0.018,1.3674663407213696
131.38,0.51,1.6,0.015,1.3839938622101386
131.4,0.578,1.515,0.019,1.4451473206364402
131.4,0.541,1.734,0.015,1.024162967827423
131.41,0.517,1.836,0.017,1.012410638185824
131.41,0.511,1.818,0.017,1.2744000625994845
131.42,0.527,1.881,0.017,1.460089015203517
131.43,0.589,1.578,0.018,1.1546861358620784
131.43,0.573,1.974,0.015,1.1770686440911726
131.43,0.521,1.605,0.018,1.201605056726335
131.44,0.534,1.638,0.018,1.1950617934899481
131.44,0.555,1.758,0.016,1.4728054740729728
131.44,0.554,1.581,0.018,1.445999165599353
131.45,0.538,1.658,0.015,1.4162994098687758
131.46,0.568,1.864,0.017,1.3561493679468812
131.47,0.544,1.699,0.015,1.0087248024212125
131.47,0.559,1.777,0.015,1.0867362273377685
131.47,0.525,1.562,0.016,1.2251367268902755
131.48,0.578,1.665,0.015,1.3081538772793615
131.48,0.572,1.915,0.017,1.220376853940574
131.48,0.53,1.648,0.019,1.2063504852430862
131.48,0.592,1.716,0.019,1.2179011658161754
131.49,0.542,1.807,0.019,1.0017864223174542
131.49,0.529,1.944,0.015,1.1821601130412718
131.5,0.552,1.766,0.018,1.2789016157400028
131.51,0.549,1.685,0.018,1.0871812963293768
131.51,0.549,1.84,0.016,1.1607236638878562
131.51,0.582,1.568,0.015,1.171134858433541
131.52,0.538,1.895,0.015,1.452334023318083
131.52,0.585,1.937,0.015,1.2675926146336973
131.52,0.509,1.807,0.017,1.0615996321305836
131.53,0.56,1.905,0.015,1.297853158032551
131.55,0.585,1.849,0.017,1.3621520045453763
131.56,0.563,1.813,0.019,1.0634394999215173
131.56,0.547,1.551,0.015,1.213087391965922
131.57,0.561,1.929,0.019,1.1296034786566502
131.57,0.564,1.732,0.017,1.455301012883517
131.57,0.584,1.518,0.019,1.1753348711355522
131.57,0.576,1.739,0.015,1.0501192057026136
131.57,0.528,1.834,0.015,1.2123163292429635
131.58,0.54,1.777,0.018,1.3194945804602143
131.58,0.551,1.819,0.017,1.3870929031673003
131.6,0.559,1.814,0.015,1.312440914826075
131.6,0.552,1.956,0.019,1.3047085861851055
131.61,0.518,1.657,0.015,1.346342928584624
131.62,0.531,1.849,0.018,1.4251993986740776
131.63,0.568,1.926,0.016,1.0595618026967721
131.63,0.587,1.869,0.017,1.4270220387864478
131.64,0.587,1.796,0.016,1.1270782219811946
131.64,0.584,1.747,0.016,1.2863600827614503
131.65,0.564,1.671,0.019,1.1680777908975626
131.65,0.523,1.644,0.018,1.2779835314418273
131.65,0.595,1.505,0.015,1.4264094372348262
131.66,0.516,1.911,0.019,1.3176405539912424
131.66,0.516,1.514,0.019,1.1322360471843154
131.67,0.596,1.666,0.019,1.267234003250651
131.68,0.578,1.907,0.018,1.4111131596685453
131.69,0.561,1.802,0.015,1.283284809343427
131.69,0.564,1.535,0.016,1.3909869635579724
131.69,0.592,1.823,0.016,1.33402918467132
131.7,0.566,1.928,0.015,1.3445233275593371
131.7,0.562,1.655,0.018,1.4346670468469542
131.71,0.502,1.955,0.019,1.4755010698036264
131.71,0.528,1.69,0.017,1.1447368564179152
131.71,0.501,1.878,0.017,1.1932391194237895
131.72,0.536,1.511,0.017,1.0680282531611036
131.73,0.526,1.886,0.018,1.1908390206251152
131.75,0.507,1.728,0.017,1.0807527042266
131.75,0.503,1.953,0.017,1.0792928750233082
131.75,0.516,1.656,0.016,1.2125700831964858
131.76,0.51,1.865,0.018,1.2700274316750098
131.77,0.568,1.869,0.015,1.0328085161314833
131.77,0.531,1.746,0.019,1.252515812639611
131.78,0.525,1.752,0.017,1.24792481239911
131.78,0.543,1.99,0.018,1.4574245655059401
131.78,0.503,1.552,0.015,1.249327418470558
131.81,0.552,1.673,0.018,1.0766197705558795
131.81,0.592,1.819,0.019,1.4731577297365177
131.81,0.542,1.968,0.017,1.2846831325135426
131.81,0.535,1.93,0.015,1.4627495397069454
131.82,0.572,1.832,0.019,1.402688027679376
131.82,0.593,1.578,0.018,1.4222104006523912
131.83,0.598,1.981,0.018,1.1669011357724872
131.83,0.584,1.852,0.018,1.0658101241064575
131.83,0.587,1.923,0.016,1.4241614592903717
131.84,0.53,1.966,0.017,1.3284397592425035
131.84,0.544,1.886,0.019,1.2204555945030082
131.84,0.556,1.769,0.015,1.3646959939113572
131.84,0.55,1.503,0.018,1.0205742705994112
131.85,0.546,1.858,0.016,1.4900138871247377
131.85,0.535,1.565,0.015,1.1477601251746778
131.85,0.559,1.584,0.019,1.2717502134745164
131.85,0.597,1.568,0.017,1.2656411898529154
131.85,0.551,1.515,0.016,1.199080189191521
131.85,0.599,1.71,0.016,1.3127298612757017
131.85,0.566,1.517,0.017,1.4292869729504627
131.85,0.508,1.781,0.018,1.3429615762004046
131.86,0.528,1.718,0.019,1.0650770953459703
131.87,0.588,1.851,0.016,1.4751029126624642
131.87,0.566,1.883,0.019,1.2826306687890834
131.88,0.545,1.767,0.016,1.3236261690030273
131.88,0.552,1.646,0.016,1.1167189930076942
131.89,0.527,1.987,0.018,1.2179231673519193
131.9,0.509,1.677,0.017,1.4648912849289348
131.9,0.515,1.716,0.018,1.062987606752086
131.91,0.543,1.705,0.018,1.306828133574885
131.91,0.504,1.643,0.015,1.2170987140918017
131.91,0.567,1.76,0.019,1.04406602801959
131.91,0.571,1.816,0.016,1.456831135457698
131.91,0.531,1.666,0.016,1.045251290090565
131.91,0.551,1.974,0.015,1.1864262818871705
131.92,0.515,1.996,0.016,1.045916039692475
131.93,0.515,1.894,0.015,1.477461482665896
131.93,0.507,1.882,0.018,1.3535158959152318
131.93,0.537,1.516,0.015,1.350261147993837
131.93,0.571,1.555,0.016,1.1722291162293368
131.94,0.589,1.758,0.015,1.241547463418415
131.94,0.572,1.846,0.016,1.0223121830976065
131.95,0.504,1.662,0.017,1.234052715857431
131.95,0.573,1.548,0.017,1.321339861446433
131.95,0.578,1.984,0.018,1.3087115445058997
131.96,0.551,1.712,0.016,1.4450667749562416
131.96,0.582,1.804,0.015,1.4194716847556705
131.97,0.564,1.891,0.018,1.1521466784390877
131.97,0.564,1.622,0.016,1.3957352379241632
131.98,0.504,1.711,0.019,1.3602132738877961
131.99,0.553,1.829,0.019,1.2460650421254158
132.01,0.519,1.813,0.017,1.0232398212386118
132.01,0.591,1.657,0.018,1.4604790234930165
132.02,0.534,1.586,0.019,1.4556929620241217
132.03,0.574,1.508,0.017,1.260368721513166
132.04,0.574,1.868,0.019,1.1548470095902237
132.04,0.546,1.874,0.018,1.3589625555911957
132.05,0.546,1.722,0.019,1.316567738422499
132.05,0.585,1.772,0.019,1.4461433017657455
132.05,0.502,1.934,0.016,1.0821892080902225
132.05,0.501,1.978,0.017,1.045289871166862
132.05,0.503,1.907,0.019,1.16176442153965
132.06,0.521,1.582,0.018,1.0477068236515943
132.06,0.545,1.689,0.017,1.1793292016172292
132.07,0.539,1.827,0.016,1.4426058273202065
132.07,0.533,1.839,0.019,1.4283978056627509
132.07,0.542,1.774,0.019,1.342475895498404
132.08,0.562,1.913,0.017,1.2830337506713698
132.08,0.565,1.77,0.017,1.0337526463544213
132.09,0.567,1.552,0.018,1.0205094756965674
132.1,0.562,1.949,0.017,1.4169767240739355
132.1,0.537,1.501,0.017,1.4613113458069185
132.1,0.54,1.745,0.017,1.1205532478665807
132.1,0.503,1.657,0.017,1.0123070058395678
132.11,0.571,1.879,0.016,1.3802366217585902
132.12,0.559,1.555,0.019,1.1587735874767608
132.13,0.513,1.51,0.017,1.1790551855957017
132.13,0.544,1.99,0.016,1.1191378027713839
132.14,0.593,1.601,0.015,1.3162130579402076
132.14,0.588,1.747,0.019,1.1085628666629859
132.14,0.542,1.565,0.016,1.1927137365985763
132.14,0.501,1.768,0.017,1.0208469236551136
132.15,0.555,1.719,0.016,1.0654199089779546
132.16,0.521,1.635,0.019,1.166065113131897
132.16,0.592,1.636,0.016,1.2159118421540698
132.16,0.593,1.783,0.016,1.4746880582753892
132.17,0.504,1.842,0.016,1.4315256585544303
132.17,0.581,1.806,0.019,1.4719475137596654
132.17,0.569,1.569,0.017,1.1723145222100133
132.17,0.545,1.522,0.017,1.1105958809033654
132.17,0.569,1.895,0.019,1.244840648863588
132.18,0.531,1.738,0.019,1.3910736501163978
132.18,0.594,1.566,0.016,1.4199845133975308
132.18,0.561,1.693,0.017,1.4207324818228826
132.19,0.557,1.542,0.019,1.0981426850376965
132.19,0.596,1.54,0.019,1.2210983948235903
132.19,0.587,1.957,0.016,1.105379967615915
132.19,0.555,1.978,0.019,1.246088048446095
132.19,0.535,1.811,0.015,1.477289236702866
132.19,0.51,1.984,0.019,1.0963492215167232
132.2,0.562,1.646,0.015,1.2026530162069393
132.21,0.51,1.937,0.015,1.1761106445908358
132.21,0.553,1.757,0.016,1.1283777557340282
132.22,0.594,1.894,0.016,1.4256098279206841
132.24,0.574,1.795,0.016,1.3274926167209544
132.25,0.595,1.989,0.015,1.0234355328077682
132.26,0.506,1.658,0.015,1.0444552761460828
132.26,0.547,1.746,0.015,1.0315515287930983
132.27,0.587,1.988,0.019,1.3942078176785913
132.27,0.584,1.952,0.016,1.0536674353274642
132.28,0.514,1.652,0.016,1.1028391130428514
132.29,0.551,1.505,0.019,1.058863418755139
132.3,0.541,1.613,0.017,1.2523694985406646
132.3,0.517,1.892,0.019,1.146726686972074
132.3,0.524,1.593,0.015,1.2229181892139749
132.31,0.522,1.629,0.016,1.451123219417981
132.33,0.583,1.883,0.017,1.1448736307816407
132.35,0.543,1.651,0.015,1.1111614720701273
132.35,0.506,1.784,0.016,1.447027121710489
132.36,0.592,1.922,0.019,1.231414806093689
132.36,0.563,1.7,0.016,1.3316581086270278
132.37,0.586,1.758,0.017,1.2832094985413653
132.37,0.515,1.621,0.018,1.2051373054319447
132.37,0.532,1.582,0.015,1.34951020438692
132.37,0.596,1.673,0.018,1.193041153084907
132.38,0.598,1.835,0.015,1.3133111260223866
132.38,0.526,1.907,0.015,1.1730444772732098
132.39,0.584,1.936,0.017,1.0383242948066562
132.39,0.587,1.771,0.015,1.1794840354477203
132.4,0.584,1.61,0.017,1.4689031015572418
132.4,0.559,1.583,0.018,1.432632558231063
132.4,0.534,1.994,0.016,1.1465128868721077
132.4,0.567,1.549,0.018,1.1946016225791856
132.4,0.533,1.74,0.017,1.0711388020251402
132.41,0.583,1.971,0.016,1.042489689143054
132.42,0.509,1.756,0.015,1.4659976727030881
132.42,0.581,1.558,0.018,1.0010500642732152
132.43,0.559,1.758,0.015,1.3204855928347083
132.43,0.578,1.737,0.019,1.0145244252646506
132.44,0.537,1.894,0.019,1.211390529906617
132.45,0.56,1.548,0.015,1.1164089945053852
132.46,0.548,1.526,0.016,1.3013294912832245
132.46,0.589,1.988,0.015,1.3414182728729114
132.46,0.565,1.915,0.016,1.030243479880252
132.46,0.549,1.747,0.019,1.3630767524889755
132.47,0.564,1.501,0.015,1.4615389291296927
132.48,0.527,1.931,0.017,1.475199614301427
132.48,0.586,1.737,0.018,1.4425478194801145
132.48,0.556,1.621,0.018,1.253254460383073
132.49,0.525,1.539,0.016,1.389290991788958
132.49,0.543,1.506,0.018,1.0172760709564976
132.49,0.527,1.868,0.019,1.087348483977046
132.5,0.597,1.821,0.018,1.1882924451358032
132.5,0.599,1.897,0.018,1.30887343649048
132.51,0.52,1.623,0.018,1.0056817715609605
132.51,0.577,1.514,0.016,1.3749649018200372
132.53,0.52,1.715,0.015,1.2475246130965898
132.53,0.542,1.524,0.017,1.3898046665454582
132.54,0.523,1.567,0.016,1.1193221901360295
132.54,0.518,1.527,0.017,1.0912347846977943
132.54,0.585,1.692,0.016,1.1441959870261003
132.54,0.5,1.677,0.019,1.0518724204645864
132.55,0.564,1.73,0.016,1.3758610843658494
132.55,0.592,1.885,0.016,1.2230680084562209
132.55,0.563,1.952,0.019,1.208702726039198
132.55,0.508,1.552,0.015,1.0603668694511963
132.56,0.54,1.838,0.015,1.4549837736851048
132.56,0.502,1.984,0.016,1.3254305676543519
132.56,0.533,1.966,0.018,1.1542924451726202
132.57,0.542,1.676,0.017,1.326876061401227
132.57,0.526,1.901,0.016,1.1324481136604865
132.57,0.54,1.637,0.016,1.0439641074876989
132.57,0.538,1.833,0.019,1.2733913624971402
132.57,0.566,1.714,0.019,1.0376581975119836
132.59,0.518,1.92,0.017,1.0328318848450053
132.59,0.537,1.773,0.016,1.385098798266473
132.59,0.503,1.713,0.019,1.0101051547735334
132.59,0.559,1.977,0.018,1.3014571147090739
132.6,0.579,1.902,0.018,1.4333708519421107
132.6,0.541,1.662,0.018,1.1346191763229112
132.61,0.511,1.873,0.019,1.3534716897434176
132.62,0.569,1.861,0.015,1.1377786339263272
132.62,0.582,1.91,0.019,1.1275875301643947
132.62,0.517,1.739,0.019,1.2608649021567346
132.63,0.563,1.573,0.019,1.191849914531899
132.63,0.563,1.926,0.015,1.3933020955361244
132.63,0.555,1.831,0.016,1.0078369222625008
132.63,0.548,1.905,0.019,1.1061957384498804
132.65,0.56,1.763,0.018,1.1289750286302702
132.67,0.52,1.6,0.017,1.0634282118899927
132.67,0.508,1.558,0.018,1.348864202488341
132.68,0.569,1.565,0.015,1.1903418738819478
132.69,0.548,1.528,0.016,1.038309169119249
132.69,0.589,1.714,0.017,1.340304388869938
132.69,0.561,1.743,0.017,1.088784412948377
132.7,0.553,1.97,0.016,1.0646190087901508
132.7,0.544,1.946,0.015,1.103210479512952
132.7,0.584,1.513,0.016,1.3582508401633673
132.7,0.56,1.907,0.016,1.193498759326403
132.7,0.581,1.896,0.019,1.372011751011797
132.71,0.538,1.802,0.018,1.421170875498805
132.71,0.545,1.604,0.017,1.4397005832502292
132.71,0.505,1.555,0.017,1.390206989838591
132.71,0.571,1.896,0.015,1.1455948202865582
132.72,0.516,1.649,0.018,1.4801342345730812
132.72,0.522,1.696,0.015,1.4809256136570772
132.72,0.572,1.995,0.016,1.328293904866749
132.72,0.511,1.766,0.018,1.3326823687287206
132.72,0.593,1.557,0.015,1.0387863774066923
132.73,0.583,1.896,0.018,1.4516179358722001
132.73,0.509,1.943,0.018,1.2760960554735565
132.73,0.597,1.721,0.017,1.0920933042470724
132.73,0.543,1.732,0.017,1.464916378907958
132.73,0.595,1.703,0.017,1.4950759761793977
132.73,0.545,1.761,0.017,1.0996642192014021
132.73,0.559,1.577,0.017,1.0803342998952294
132.74,0.573,1.962,0.019,1.4201455842734432
132.74,0.579,1.506,0.016,1.3680778756011311
132.74,0.568,1.56,0.017,1.393406920567049
132.75,0.578,1.545,0.018,1.3065701000038583
132.76,0.522,1.517,0.015,1.1714809849147876
132.76,0.58,1.717,0.016,1.4615009943215729
132.76,0.533,1.585,0.015,1.4170107731519899
132.77,0.589,1.754,0.015,1.368335518333263
132.78,0.551,1.947,0.015,1.079043444996728
132.79,0.52,1.928,0.018,1.194003406114439
132.79,0.563,1.827,0.017,1.0304405338697056
132.8,0.58,1.505,0.019,1.2044463599457693
132.8,0.507,1.584,0.019,1.06716526479741
132.8,0.554,1.617,0.019,1.1524175955069966
132.8,0.509,1.72,0.019,1.1551611925328813
132.81,0.513,1.915,0.018,1.091347468958931
132.81,0.596,1.946,0.016,1.1537887702776513
132.81,0.51,1.62,0.015,1.4803901859746165
132.81,0.545,1.908,0.016,1.1292674638971092
132.81,0.508,1.714,0.015,1.3503030637947406
132.82,0.516,1.712,0.018,1.3441222834284925
132.82,0.539,1.593,0.018,1.346951549692848
132.85,0.548,1.832,0.019,1.1751774093421354
132.85,0.536,1.765,0.018,1.4407214855871677
132.86,0.536,1.876,0.019,1.0412426055574069
132.86,0.54,1.563,0.015,1.4461465353210614
132.88,0.53,1.957,0.018,1.0853609601966665
132.88,0.533,1.516,0.016,1.2673510353729451
132.88,0.58,1.678,0.015,1.3501236259847906
132.89,0.534,1.976,0.017,1.2440680958541643
132.89,0.571,1.954,0.019,1.20171485879309
132.91,0.59,1.842,0.015,1.3287300484917948
132.93,0.566,1.801,0.016,1.1218953936448792
132.93,0.58,1.542,0.015,1.0749216645800104
132.94,0.595,1.758,0.015,1.0346996023503554
132.94,0.567,1.669,0.016,1.28381471039539
132.94,0.501,1.688,0.016,1.4989056895249622
132.94,0.562,1.639,0.015,1.3088398822390948
132.95,0.524,1.652,0.016,1.109166772173163
132.95,0.572,1.614,0.018,1.0918328019650247
132.96,0.592,1.546,0.015,1.1376163737201486
132.97,0.503,1.742,0.017,1.3172067502753217
132.97,0.547,1.654,0.018,1.1942511224038386
132.97,0.53,1.754,0.015,1.0524526591522831
132.97,0.523,1.525,0.017,1.0867326633378656
132.99,0.508,1.526,0.019,1.2230187136186006
133.0,0.581,1.505,0.019,1.479427047710031
133.0,0.511,1.748,0.015,1.0121860959552222
133.0,0.545,1.843,0.015,1.0553120083644123
133.0,0.533,1.885,0.018,1.0772896367459177
133.01,0.56,1.753,0.018,1.4352120285877379
133.01,0.535,1.652,0.016,1.4586989071190377
133.01,0.537,1.631,0.016,1.1272382401773031
133.03,0.535,1.611,0.019,1.4112403542059013
133.03,0.536,1.922,0.016,1.392362666896274
133.04,0.502,1.68,0.017,1.4745850092428148
133.04,0.555,1.801,0.016,1.4617126370728148
133.06,0.516,1.722,0.016,1.3825638040307198
133.06,0.515,1.902,0.018,1.1002206839925592
133.07,0.583,1.895,0.018,1.3555878464676363
133.09,0.538,1.731,0.019,1.3767036484111472
133.09,0.532,1.514,0.019,1.1206327656984185
133.1,0.548,1.968,0.018,1.2162546603572675
133.11,0.503,1.782,0.019,1.466419388747269
133.11,0.53,1.585,0.015,1.2098711661560588
133.11,0.549,1.648,0.017,1.296948283681576
133.12,0.584,1.558,0.016,1.1574122472581858
133.13,0.546,1.921,0.019,1.41636586656576
133.13,0.538,1.691,0.017,1.2571756269264744
133.14,0.565,1.767,0.016,1.3960427916056573
133.14,0.537,1.782,0.017,1.2061363910117997
133.15,0.575,1.613,0.018,1.0982067057455893
133.15,0.567,1.597,0.018,1.2826123640574147
133.16,0.588,1.629,0.017,1.3612695281848817
133.16,0.565,1.786,0.016,1.1456710201870017
133.16,0.507,1.766,0.015,1.1556220601855496
133.17,0.593,1.556,0.016,1.3931821877471093
133.17,0.576,1.693,0.017,1.2248797950302923
133.17,0.593,1.855,0.019,1.171122131450164
133.18,0.503,1.739,0.018,1.333438489601444
133.19,0.538,1.69,0.016,1.2064881216560206
133.2,0.503,1.97,0.017,1.2697736436617972
133.2,0.572,1.722,0.015,1.1642260113440042
133.2,0.519,1.619,0.015,1.0324193551265939
133.21,0.519,1.551,0.016,1.3829780787915817
133.23,0.567,1.837,0.016,1.3314629861715261
133.23,0.506,1.722,0.019,1.2738236660678823
133.24,0.563,1.671,0.017,1.013469390695577
133.25,0.559,1.801,0.016,1.2174583373634307
133.25,0.528,1.526,0.015,1.3330656178927942
133.25,0.578,1.754,0.019,1.2099616034444238
133.27,0.503,1.973,0.015,1.434721007005738
133.27,0.549,1.589,0.018,1.4206496022052393
133.28,0.518,1.813,0.015,1.132157919212114
133.28,0.508,1.781,0.019,1.4325852314806007
133.28,0.525,1.843,0.018,1.363523243391529
133.28,0.577,1.697,0.018,1.3685279279586324
133.28,0.51,1.755,0.018,1.1092513956656715
133.28,0.521,1.552,0.019,1.338708373479122
133.28,0.592,1.743,0.018,1.3031721574079627
133.29,0.575,1.983,0.016,1.3419598128076289
133.29,0.549,1.661,0.016,1.0122018371668744
133.29,0.588,1.608,0.019,1.4662881379199864
133.29,0.521,1.965,0.015,1.1401833251882176
133.29,0.592,1.885,0.018,1.326121402568348
133.3,0.559,1.712,0.016,1.3984987402445646
133.31,0.56,1.524,0.019,1.2765432806843262
133.32,0.512,1.841,0.017,1.4724086601013187
133.32,0.501,1.903,0.015,1.3162535524937744
133.32,0.544,1.664,0.019,1.2959997943504338
133.33,0.588,1.698,0.018,1.3879658459865802
133.34,0.518,1.628,0.018,1.4954301709638849
133.34,0.509,1.671,0.015,1.2758443071763972
133.34,0.581,1.798,0.018,1.3516345688936664
133.35,0.503,1.948,0.016,1.1079063593231409
133.35,0.551,1.859,0.018,1.390769178870513
133.36,0.537,1.589,0.018,1.1870628628799347
133.36,0.532,1.913,0.019,1.0300256923100108
133.36,0.548,1.814,0.019,1.1238652104332363
133.37,0.563,1.525,0.016,1.4628613171056002
133.39,0.526,1.961,0.018,1.2692206078182482
133.39,0.571,1.857,0.019,1.1667803867662632
133.41,0.563,1.938,0.018,1.189101214421764
133.41,0.58,1.668,0.018,1.4966726169438611
133.42,0.521,1.976,0.018,1.2784575892463477
133.42,0.554,1.999,0.017,1.4922992369892434
133.42,0.565,1.757,0.015,1.3271916087970912
133.42,0.53,1.536,0.015,1.1319158745383873
133.43,0.513,1.755,0.016,1.19231586431326
133.43,0.588,1.971,0.015,1.017263716542069
133.44,0.536,1.862,0.015,1.3371300984899792
133.44,0.592,1.662,0.019,1.0679419998123314
133.47,0.518,1.561,0.016,1.227946220229403
133.47,0.529,1.997,0.015,1.0632784666321489
133.47,0.581,1.817,0.015,1.412514052294925
133.49,0.555,1.791,0.015,1.4013082338450042
133.49,0.554,1.595,0.015,1.2034639380752463
133.49,0.591,1.571,0.015,1.187731314789508
133.5,0.569,1.703,0.019,1.3252845079896702
133.5,0.562,1.947,0.018,1.203215682212352
133.5,0.52,1.665,0.016,1.4534013822619178
133.51,0.536,1.603,0.018,1.416653937946685
133.51,0.575,1.61,0.015,1.1504767835221221
133.51,0.538,1.962,0.019,1.460065226401662
133.52,0.589,1.846,0.016,1.3750202477959919
133.52,0.541,1.982,0.019,1.1607859382185275
133.53,0.597,1.583,0.019,1.0214907795682762
133.53,0.579,1.614,0.017,1.2119530811269668
133.53,0.581,1.781,0.017,1.3903046738296747
133.54,0.575,1.816,0.015,1.0893940464845686
133.54,0.572,1.997,0.017,1.1004013047700374
133.55,0.565,1.944,0.015,1.4293238372403057
133.55,0.581,1.657,0.015,1.3162580559737282
133.55,0.507,1.776,0.017,1.280479293505446
133.55,0.524,1.809,0.019,1.342067471460757
133.56,0.51,1.604,0.019,1.4987498657533191
133.57,0.537,1.789,0.017,1.1944164623225217
133.57,0.561,1.893,0.015,1.1999993888534985
133.57,0.541,1.898,0.018,1.0584286820165085
133.57,0.505,1.775,0.015,1.3021132795011408
133.58,0.531,1.793,0.015,1.1305488158915082
133.58,0.581,1.724,0.019,1.2183672820514837
133.59,0.586,1.664,0.018,1.2071601545246535
133.6,0.531,1.83,0.019,1.3967817730556344
133.61,0.546,1.657,0.019,1.169762304279789
133.61,0.573,1.75,0.015,1.1372007126253416
133.62,0.554,1.683,0.017,1.258142608371198
133.63,0.598,1.915,0.017,1.317264255842628
133.64,0.585,1.838,0.018,1.361936977228942
133.64,0.559,1.63,0.019,1.4348288411632688
133.64,0.596,1.652,0.017,1.3040862142222192
133.65,0.545,1.539,0.016,1.2146906587180464
133.65,0.551,1.94,0.016,1.0991523853493124
133.65,0.585,1.82,0.015,1.3351255301749112
133.65,0.566,1.804,0.018,1.3773115176119697
133.66,0.535,1.634,0.016,1.1717790202593033
133.66,0.589,1.934,0.016,1.2297588662667318
133.66,0.586,1.835,0.015,1.1752198503754614
133.66,0.593,1.63,0.016,1.0546562435872113
133.66,0.56,1.579,0.019,1.1982211430048177
133.67,0.598,1.586,0.018,1.4571444371148798
133.68,0.579,1.971,0.018,1.282822125706589
133.68,0.59,1.666,0.019,1.1128615143459375
133.68,0.512,1.506,0.018,1.2990862318115364
133.68,0.534,1.61,0.016,1.278639207872596
133.7,0.556,1.922,0.019,1.1938926498996727
133.71,0.528,1.681,0.015,1.2749496809193424
133.71,0.598,1.841,0.019,1.0370108266661473
133.71,0.585,1.955,0.015,1.212217075258894
133.72,0.564,1.706,0.017,1.1703051136082598
133.72,0.535,1.51,0.015,1.082256099955827
133.73,0.551,1.72,0.015,1.3073343048714556
133.73,0.523,1.543,0.017,1.4949814329698672
133.73,0.502,1.881,0.018,1.1797975911618686
133.73,0.58,1.84,0.016,1.4338208010894413
133.74,0.522,1.581,0.019,1.1059111669010666
133.76,0.524,1.955,0.017,1.356897224458577
133.77,0.514,1.85,0.017,1.020647141912825
133.78,0.549,1.748,0.015,1.4488315026848921
133.78,0.502,1.501,0.018,1.1551391948332048
133.78,0.542,1.605,0.018,1.4260781090923869
133.78,0.541,1.617,0.015,1.3023246856660176
133.79,0.577,1.991,0.018,1.0879701630233856
133.79,0.505,1.965,0.015,1.0104333589406747
133.79,0.579,1.549,0.019,1.176976276585091
133.79,0.543,1.674,0.017,1.2312055378251712
133.8,0.571,1.808,0.016,1.3528534145912592
133.8,0.556,1.976,0.019,1.4333115528212428
133.8,0.591,1.562,0.018,1.1350757331736887
133.8,0.573,1.648,0.017,1.482139335419061
133.81,0.534,1.621,0.018,1.0104920304300384
133.81,0.584,1.67,0.016,1.103608169428049
133.81,0.5,1.728,0.019,1.0093036475534685
133.82,0.522,1.985,0.019,1.4966324420398154
133.82,0.586,1.9,0.017,1.2599668071915109
133.82,0.589,1.596,0.019,1.0710368985829546
133.83,0.57,1.656,0.017,1.0928253581928864
133.83,0.56,1.607,0.018,1.2666454224126404
133.84,0.528,1.854,0.019,1.386431645315524
133.84,0.593,1.554,0.019,1.402676730145235
133.84,0.502,1.796,0.016,1.329479854726652
133.85,0.536,1.794,0.019,1.2158018313957608
133.86,0.506,1.649,0.018,1.1326515933117582
133.86,0.516,1.8,0.015,1.3442422759776023
133.86,0.52,1.522,0.016,1.1202688242476833
133.87,0.524,1.508,0.015,1.3025420253086721
133.87,0.597,1.592,0.016,1.1199864565421827
133.88,0.586,1.791,0.015,1.0165791161024302
133.88,0.523,1.502,0.019,1.4164667474493875
133.88,0.515,1.79,0.019,1.0212293657089595
133.89,0.564,1.517,0.015,1.2316319293490112
133.9,0.57,1.575,0.018,1.1458320431310498
133.9,0.515,1.706,0.017,1.0175614193433433
133.9,0.501,1.663,0.015,1.385406848203276
133.91,0.592,1.549,0.015,1.4742760759981817
133.92,0.536,1.829,0.017,1.3777353988911205
133.93,0.549,1.712,0.015,1.4272497169126497
133.93,0.586,1.884,0.018,1.0115489730016223
133.93,0.537,1.825,0.015,1.2665315306387153
133.94,0.553,1.87,0.018,1.4793775802390867
133.94,0.507,1.59,0.018,1.0347704606352695
133.94,0.539,1.736,0.016,1.2649050622238123
133.95,0.522,1.954,0.015,1.4125617005726772
133.95,0.5,1.596,0.015,1.4546827184647262
133.95,0.586,1.715,0.017,1.3932101291952308
133.95,0.559,1.77,0.015,1.0299066032447604
133.95,0.51,1.743,0.015,1.0390951403858937
133.96,0.532,1.792,0.019,1.1618567402386035
133.96,0.596,1.526,0.018,1.1060268707090737
133.96,0.546,1.725,0.016,1.20842207955787
133.97,0.509,1.961,0.016,1.0417174658008679
133.97,0.506,1.745,0.018,1.341070517231827
133.97,0.507,1.682,0.017,1.4976332563844819
133.97,0.571,1.613,0.015,1.4357247323619815
133.97,0.548,1.914,0.019,1.1086228193873642
133.97,0.572,1.585,0.016,1.3728870813885958
133.98,0.503,1.506,0.018,1.1003083000727711
133.99,0.591,1.823,0.019,1.3467703398060127
133.99,0.555,1.68,0.015,1.2309669482616834
134.0,0.597,1.697,0.015,1.3983879278060853
134.01,0.579,1.687,0.016,1.086898458743324
134.02,0.528,1.688,0.016,1.3961527995751302
134.03,0.594,1.604,0.019,1.2483273589122357
134.03,0.563,1.977,0.018,1.0093624685343499
134.03,0.535,1.876,0.016,1.0909671948208624
134.04,0.566,1.971,0.019,1.0164072899190786
134.04,0.52,1.768,0.015,1.391033359716555
134.04,0.594,1.958,0.017,1.3710468460299001
134.04,0.599,1.714,0.017,1.4608587247884892
134.04,0.563,1.899,0.016,1.300334858826853
134.04,0.585,1.892,0.018,1.4103841287257781
134.05,0.555,1.77,0.019,1.058472062042564
134.06,0.522,1.821,0.019,1.2434958167084453
134.06,0.543,1.81,0.017,1.156491852713848
134.06,0.599,1.929,0.016,1.2999261890163696
134.07,0.542,1.802,0.015,1.0578950838621932
134.07,0.594,1.709,0.015,1.4225654611150564
134.07,0.546,1.954,0.019,1.453961588509339
134.08,0.549,1.788,0.018,1.4825759946268569
134.08,0.561,1.514,0.017,1.17838580270692
134.08,0.503,1.734,0.017,1.1829224685278665
134.09,0.594,1.939,0.016,1.1492968416172082
134.09,0.516,1.629,0.015,1.2395053366022148
134.1,0.514,1.713,0.018,1.3857799300380487
134.1,0.589,1.543,0.019,1.384849944480227
134.11,0.558,1.986,0.019,1.1378925493036105
134.11,0.558,1.897,0.015,1.3461828248860002
134.12,0.524,1.632,0.019,1.0922860193549409
134.13,0.577,1.604,0.018,1.163532547886282
134.14,0.597,1.856,0.019,1.3399158436471779
134.14,0.55,1.846,0.017,1.4644920017322907
134.15,0.576,1.924,0.015,1.312907546069133
134.15,0.57,1.708,0.019,1.223554128676167
134.18,0.537,1.628,0.017,1.2935440948866783
134.19,0.532,1.695,0.019,1.1529224717380657
134.2,0.566,1.722,0.016,1.4393711160548084
134.21,0.577,1.647,0.016,1.101771714706403
134.22,0.512,1.714,0.018,1.0104700960920767
134.22,0.561,1.576,0.018,1.3901331308870901
134.22,0.57,1.624,0.019,1.3711103955539503
134.22,0.517,1.776,0.019,1.2182326830446784
134.22,0.524,1.828,0.018,1.2254763833533944
134.23,0.549,1.513,0.019,1.1858141781274232
134.23,0.522,1.65,0.019,1.2427601577551115
134.23,0.598,1.874,0.019,1.2086915100397224
134.23,0.578,1.686,0.016,1.4397148392894605
134.24,0.587,1.724,0.018,1.077278638486552
134.25,0.583,1.93,0.015,1.0055514994533559
134.26,0.529,1.606,0.017,1.092520386504157
134.26,0.579,1.506,0.015,1.2939279463030455
134.26,0.586,1.536,0.015,1.3487592419856413
134.27,0.586,1.805,0.017,1.129537545675188
134.27,0.593,1.517,0.017,1.380687592983217
134.27,0.533,1.608,0.018,1.3834385894663699
134.27,0.594,1.543,0.017,1.2509282061650338
134.28,0.586,1.971,0.018,1.3060925524529001
134.28,0.596,1.782,0.016,1.3480210683075788
134.29,0.574,1.874,0.016,1.4942229558140225
134.29,0.591,1.753,0.016,1.3264645300475064
134.3,0.574,1.718,0.019,1.1016729098506484
134.31,0.523,1.888,0.019,1.2085142340091097
134.31,0.502,1.694,0.015,1.048360816248407
134.31,0.513,1.538,0.019,1.1855999096161327
134.32,0.526,1.609,0.019,1.1448451363431373
134.32,0.52,1.93,0.015,1.2573661639103126
134.32,0.501,1.644,0.016,1.347184897661359
134.32,0.584,1.996,0.019,1.2149791660719256
134.32,0.574,1.735,0.017,1.0520919750136724
134.33,0.599,1.683,0.016,1.2452605651256423
134.33,0.566,1.807,0.017,1.0113427358877365
134.34,0.582,1.719,0.018,1.0122425089668465
134.36,0.545,1.823,0.015,1.4837213596017242
134.36,0.595,1.613,0.017,1.2953045865473
134.36,0.53,1.75,0.015,1.0773654893826627
134.38,0.578,1.717,0.016,1.4961824279694271
134.38,0.505,1.972,0.017,1.4463008076108115
134.38,0.526,1.831,0.015,1.271467623803116
134.39,0.545,1.819,0.017,1.1460452861370514
134.39,0.525,1.716,0.016,1.1211806776244686
134.4,0.515,1.648,0.015,1.2786874485346504
134.4,0.591,1.894,0.019,1.2253357551133914
134.4,0.543,1.902,0.016,1.1161213462986792
134.4,0.588,1.576,0.018,1.1356803423730149
134.41,0.547,1.707,0.016,1.159695686309093
134.41,0.592,1.622,0.015,1.2089006749600162
134.41,0.551,1.623,0.016,1.1946133496897664
134.42,0.552,1.88,0.015,1.3855651262564617
134.42,0.526,1.66,0.017,1.0761570186613856
134.42,0.593,1.729,0.015,1.0016320617965704
134.42,0.534,1.971,0.018,1.1574180824202263
134.43,0.529,1.827,0.018,1.2366956963646307
134.43,0.502,1.938,0.019,1.1228287300774058
134.44,0.524,1.818,0.016,1.125577719871532
134.44,0.579,1.99,0.018,1.1892664034375509
134.45,0.5,1.619,0.019,1.3901485612035076
134.46,0.519,1.662,0.015,1.0416975587118409
134.47,0.545,1.587,0.017,1.022299072879881
134.47,0.5,1.888,0.016,1.0354440749650808
134.48,0.55,1.937,0.017,1.0541130160826642
134.48,0.582,1.99,0.015,1.3506467217607931
134.48,0.522,1.622,0.019,1.2067374354506164
134.48,0.548,1.93,0.018,1.177601683939804
134.48,0.517,1.958,0.019,1.1808580123267038
134.49,0.586,1.676,0.017,1.037704607277784
134.5,0.57,1.989,0.015,1.1386797625922216
134.5,0.502,1.698,0.017,1.188449727769075
134.51,0.551,1.927,0.019,1.2161857562448268
134.51,0.597,1.79,0.017,1.109531846182308
134.51,0.573,1.883,0.018,1.0011296871836084
134.51,0.549,1.587,0.015,1.0395070591162905
134.51,0.599,1.925,0.015,1.1847436239158122
134.51,0.597,1.749,0.016,1.3925994253018978
134.52,0.501,1.855,0.016,1.0473678003706635
134.52,0.542,1.839,0.016,1.0038021718276562
134.54,0.556,1.987,0.018,1.045568340928298
134.54,0.564,1.873,0.015,1.0395932683357711
134.54,0.564,1.504,0.016,1.3084018560595032
134.54,0.578,1.702,0.016,1.106494571030039
134.55,0.552,1.601,0.015,1.3254938586409857
134.58,0.583,1.761,0.017,1.3462648182198842
134.58,0.505,1.658,0.015,1.1384707995251826
134.59,0.529,1.938,0.019,1.1569236169295083
134.59,0.589,1.646,0.019,1.1995162118518758
134.6,0.531,1.978,0.019,1.474950080659594
134.61,0.508,1.858,0.015,1.4954231184339204
134.62,0.528,1.6,0.019,1.2453653864517473
134.62,0.547,1.531,0.017,1.1726189693134377
134.62,0.574,1.845,0.016,1.4221800555468693
134.63,0.551,1.665,0.018,1.0171336415872618
134.64,0.58,1.741,0.019,1.0388251976330727
134.64,0.508,1.756,0.016,1.0008141860578939
134.64,0.537,1.958,0.015,1.4985914507351585
134.65,0.594,1.678,0.016,1.1038821116386077
134.65,0.567,1.751,0.016,1.1649671453022836
134.66,0.539,1.857,0.015,1.1268365557942532
134.67,0.579,1.899,0.017,1.3240745040663258
134.67,0.559,1.887,0.019,1.1793797428420092
134.67,0.589,1.944,0.015,1.4546001119529892
134.69,0.532,1.991,0.018,1.3201258610552968
134.69,0.508,1.855,0.016,1.4280292671863326
134.72,0.565,1.949,0.015,1.4701416992242726
134.72,0.516,1.868,0.019,1.0865671254657312
134.73,0.545,1.522,0.015,1.1903830583918311
134.74,0.523,1.688,0.019,1.1338825867216018
134.74,0.528,1.625,0.019,1.1793089915795556
134.75,0.531,1.678,0.015,1.0903462272374642
134.75,0.5,1.97,0.016,1.0662615462929281
134.75,0.54,1.994,0.018,1.1234939865664226
134.75,0.59,1.551,0.018,1.4023472179162684
134.76,0.592,1.561,0.015,1.3620925833599795
134.76,0.585,1.817,0.017,1.0127603130215865
134.77,0.528,1.928,0.016,1.3226376311583192
134.79,0.536,1.714,0.019,1.1139625448052777
134.79,0.574,1.644,0.015,1.3534788331876668
134.79,0.592,1.524,0.019,1.4540616999965066
134.8,0.564,1.767,0.019,1.317574664145194
134.8,0.57,1.861,0.017,1.3150445815869845
134.81,0.574,1.724,0.017,1.1175098497725624
134.82,0.522,1.848,0.019,1.2393537657404505
134.82,0.537,1.586,0.016,1.4658262191373432
134.83,0.523,1.687,0.015,1.4067480686438547
134.83,0.557,1.638,0.016,1.0592458037807766
134.83,0.555,1.611,0.015,1.4738216122367456
134.84,0.589,1.988,0.017,1.0627083924717482
134.85,0.504,1.687,0.019,1.3275192839628034
134.85,0.599,1.641,0.017,1.0065175501696997
134.86,0.572,1.954,0.019,1.152602110756839
134.86,0.507,1.953,0.015,1.3196131672745934
134.87,0.532,1.787,0.016,1.065508132182908
134.87,0.587,1.93,0.017,1.1977871890596847
134.87,0.565,1.939,0.015,1.4886194958383852
134.87,0.534,1.96,0.018,1.4699331998554097
134.88,0.535,1.992,0.019,1.4482275227231058
134.89,0.512,1.643,0.019,1.3409217843679233
134.91,0.587,1.534,0.017,1.1541385383430143
134.91,0.582,1.838,0.015,1.2806295872619773
134.92,0.575,1.816,0.016,1.465933756951621
134.92,0.595,1.587,0.016,1.2682371362663498
134.94,0.514,1.778,0.016,1.3240180828532373
134.95,0.515,1.797,0.016,1.0666359705930044
134.95,0.569,1.991,0.016,1.3313851361700324
134.96,0.53,1.996,0.016,1.486372424460099
134.96,0.589,1.629,0.015,1.1765342117032915
134.96,0.579,1.544,0.019,1.2302873505459029
134.96,0.538,1.923,0.017,1.1887748061387784
134.96,0.507,1.91,0.015,1.2032772033155896
134.97,0.51,1.657,0.019,1.0561854732920664
134.98,0.597,1.981,0.018,1.0988095515695906
134.99,0.539,1.567,0.017,1.1473535679311322
134.99,0.528,1.939,0.018,1.217812368846836
135.0,0.518,1.663,0.017,1.2386444602425097
135.01,0.586,1.941,0.016,1.2726257842180118
135.01,0.577,1.609,0.017,1.482985544469079
135.01,0.508,1.878,0.019,1.305664960070912
135.01,0.506,1.793,0.016,1.3809466985398386
135.02,0.555,1.693,0.019,1.1406037632531796
135.02,0.566,1.722,0.018,1.3098566425907094
135.03,0.511,1.63,0.016,1.4072495381884318
135.04,0.588,1.538,0.017,1.2936210815703388
135.05,0.562,1.957,0.018,1.0178636892026713
135.05,0.564,1.766,0.019,1.2758592143587848
135.05,0.529,1.73,0.018,1.2361313704244692
135.05,0.577,1.893,0.018,1.3380288859038232
135.07,0.529,1.582,0.016,1.021920999168672
135.07,0.529,1.839,0.019,1.1661739292601514
135.08,0.546,1.954,0.016,1.143640925960417
135.08,0.542,1.8,0.015,1.373957218670116
135.08,0.566,1.974,0.016,1.2740942121407395
135.09,0.549,1.944,0.017,1.2419101658159357
135.1,0.582,1.786,0.015,1.347813552082136
135.1,0.577,1.665,0.015,1.1463477120629157
135.11,0.511,1.77,0.018,1.4486677990341676
135.12,0.509,1.666,0.019,1.1133540999688702
135.12,0.528,1.812,0.017,1.4019278175636782
135.12,0.517,1.933,0.016,1.3509768067632075
135.13,0.529,1.862,0.018,1.2947146645813499
135.13,0.565,1.903,0.018,1.14882113116344
135.13,0.581,1.737,0.018,1.0627216730628009
135.13,0.525,1.937,0.015,1.1107270228289472
135.13,0.507,1.844,0.016,1.4070264799271779
135.13,0.561,1.801,0.015,1.4254712698449807
135.13,0.585,1.525,0.017,1.1189288695518709
135.14,0.503,1.77,0.015,1.3330955304798142
135.14,0.529,1.573,0.017,1.2764256036742776
135.14,0.5,1.771,0.018,1.281065293245374
135.14,0.544,1.932,0.015,1.3534036154832927
135.16,0.584,1.598,0.016,1.0240347545258155
135.16,0.53,1.723,0.016,1.2286410604198579
135.16,0.542,1.968,0.016,1.1119990656988223
135.16,0.504,1.585,0.015,1.0824181572289526
135.16,0.534,1.961,0.015,1.089074184984108
135.16,0.559,1.966,0.018,1.3825557115637381
135.17,0.526,1.89,0.015,1.1756669297211642
135.17,0.592,1.574,0.016,1.3767352453712143
135.18,0.546,1.956,0.017,1.0576468225599869
135.19,0.518,1.72,0.018,1.0255411565153527
135.19,0.508,1.614,0.017,1.4992134240201136
135.2,0.58,1.803,0.019,1.2797710606476291
135.21,0.591,1.726,0.018,1.117316286445675
135.22,0.505,1.532,0.017,1.4641160533610906
135.22,0.525,1.806,0.019,1.3216559697615227
135.23,0.513,1.881,0.018,1.1028471961739141
135.23,0.559,1.817,0.017,1.1176683686748474
135.24,0.527,1.833,0.016,1.0356139311402197
135.25,0.539,1.815,0.017,1.1578225397792101
135.25,0.554,1.55,0.015,1.1902526593696818
135.25,0.51,1.667,0.016,1.2648139325608918
135.26,0.516,1.648,0.019,1.0380883313505938
135.26,0.52,1.627,0.016,1.3780506011148899
135.27,0.525,1.735,0.017,1.304319060701203
135.27,0.589,1.594,0.018,1.4987397890250629
135.28,0.515,1.659,0.019,1.357061907057855
135.28,0.559,1.863,0.017,1.3849018372121067
135.28,0.56,1.87,0.015,1.2640635863208929
135.29,0.574,1.535,0.018,1.43126556458091
135.29,0.507,1.93,0.017,1.065163923853026
135.29,0.537,1.85,0.017,1.3399629744668742
135.29,0.526,1.801,0.018,1.2390290381432
135.3,0.578,1.679,0.016,1.296372918087548
135.31,0.564,1.931,0.016,1.2088606876345422
135.32,0.53,1.527,0.019,1.3939866107050904
135.34,0.583,1.933,0.019,1.3961253213192484
135.35,0.505,1.622,0.017,1.3088220938441277
135.36,0.507,1.554,0.015,1.0540027822464884
135.36,0.599,1.975,0.019,1.3314772230500433
135.37,0.527,1.773,0.015,1.170909900752858
135.38,0.562,1.804,0.015,1.2822912249069967
135.38,0.576,1.597,0.016,1.0258877056352165
135.38,0.54,1.646,0.018,1.1264199555489145
135.38,0.5,1.687,0.017,1.2672887112667668
135.39,0.528,1.663,0.016,1.3875079863953594
135.39,0.519,1.828,0.018,1.0024133108116684
135.39,0.563,1.661,0.018,1.2739988315129385
135.4,0.54,1.774,0.017,1.4201155836748232
135.41,0.505,1.927,0.016,1.3231907166274244
135.41,0.596,1.77,0.018,1.1341210766110015
135.41,0.557,1.549,0.016,1.2021682589958271
135.41,0.548,1.61,0.018,1.367304032699629
135.41,0.588,1.645,0.018,1.3120855569472323
135.41,0.563,1.623,0.018,1.0714694724474763
135.42,0.592,1.668,0.018,1.2271668388110317
135.42,0.567,1.886,0.016,1.431668632849855
135.43,0.511,1.577,0.015,1.29935980170485
135.45,0.557,1.84,0.015,1.2128056033933567
135.45,0.511,1.51,0.018,1.3998066742034303
135.47,0.556,1.985,0.016,1.2784931577681504
135.47,0.554,1.931,0.018,1.086791100067166
135.47,0.564,1.998,0.015,1.0359153886583155
135.47,0.555,1.644,0.016,1.0816601500153742
135.48,0.511,1.744,0.017,1.0418045850612143
135.48,0.583,1.528,0.016,1.400659962255849
135.49,0.511,1.782,0.017,1.0295760574023576
135.49,0.533,1.869,0.019,1.1552936908865552
135.5,0.569,1.927,0.018,1.0567468477957815
135.51,0.534,1.533,0.018,1.4412715227654849
135.51,0.515,1.559,0.016,1.1881075737299522
135.51,0.504,1.806,0.017,1.2649824810922488
135.52,0.549,1.636,0.016,1.1440351101769712
135.52,0.59,1.993,0.016,1.1396084624264913
135.53,0.524,1.639,0.018,1.233245664265788
135.53,0.517,1.738,0.015,1.4285448070583453
135.55,0.527,1.604,0.015,1.0247066454544935
135.55,0.53,1.85,0.017,1.2232986222193447
135.56,0.508,1.579,0.016,1.0467743479606304
135.57,0.522,1.834,0.015,1.4784971811943621
135.57,0.534,1.635,0.018,1.2748677184313573
135.57,0.593,1.955,0.015,1.1896717108211747
135.58,0.522,1.855,0.017,1.072753535881623
135.58,0.584,1.821,0.019,1.1294004936235909
135.59,0.574,1.877,0.015,1.4283216019471396
135.59,0.521,1.753,0.015,1.1440530284316865
135.6,0.569,1.773,0.017,1.2242985857206485
135.62,0.503,1.965,0.015,1.3713359045145785
135.62,0.518,1.741,0.019,1.2913911602034434
135.62,0.553,1.813,0.019,1.3911043034352637
135.63,0.502,1.594,0.017,1.1792924234229123
135.63,0.567,1.566,0.015,1.1926712019178514
135.63,0.599,1.675,0.019,1.4592026078628053
135.64,0.586,1.759,0.019,1.123790413012097
135.64,0.54,1.764,0.015,1.367637261075157
135.64,0.555,1.75,0.016,1.2514676069843074
135.65,0.551,1.551,0.019,1.2162643050516195
135.66,0.573,1.561,0.017,1.3335372251640938
135.67,0.559,1.689,0.016,1.0551908428281735
135.68,0.582,1.907,0.018,1.4228110978848845
135.68,0.552,1.849,0.016,1.2019978815995591
135.68,0.542,1.681,0.015,1.1297168111449838
135.68,0.546,1.696,0.015,1.2342623657405427
135.69,0.508,1.785,0.016,1.4683573642898697
135.69,0.52,1.774,0.015,1.0782789722291939
135.7,0.546,1.768,0.018,1.3482393150861491
135.7,0.597,1.924,0.017,1.069254473644993
135.7,0.55,1.823,0.019,1.274707438915989
135.71,0.504,1.765,0.018,1.1039443206939377
135.71,0.536,1.864,0.019,1.1969740210385065
135.71,0.521,1.523,0.015,1.1332730688565067
135.71,0.501,1.645,0.019,1.185007069416601
135.71,0.559,1.736,0.018,1.0893664209195586
135.72,0.512,1.775,0.016,1.0858529324184543
135.72,0.537,1.903,0.019,1.4866195013405394
135.72,0.595,1.924,0.018,1.4700598049817626
135.74,0.575,1.921,0.019,1.3436833757882463
135.75,0.564,1.958,0.019,1.031123929527669
135.76,0.558,1.623,0.019,1.2165214656936665
135.77,0.577,1.826,0.018,1.290276812626697
135.77,0.59,1.768,0.018,1.0759113499682116
135.77,0.52,1.55,0.018,1.3793625831792744
135.77,0.55,1.906,0.017,1.2052079253165795
135.77,0.58,1.746,0.015,1.4517096668128582
135.77,0.514,1.566,0.016,1.1457075163767867
135.78,0.543,1.72,0.019,1.2057290963306015
135.78,0.588,1.637,0.015,1.0804530513826711
135.78,0.529,1.611,0.016,1.080008708569451
135.78,0.589,1.792,0.015,1.39865982838971
135.79,0.59,1.911,0.017,1.1072505493738285
135.8,0.517,1.747,0.016,1.382080042061789
135.8,0.578,1.835,0.017,1.3645327622012016
135.8,0.556,1.946,0.019,1.1800989560737185
135.8,0.504,1.661,0.016,1.4044310523905634
135.81,0.514,1.992,0.019,1.4743771182384604
135.84,0.522,1.977,0.016,1.1462398280193198
135.84,0.508,1.62,0.016,1.0632492991727758
135.85,0.545,1.824,0.016,1.3265643191124319
135.85,0.548,1.94,0.017,1.3472082960906264
135.86,0.588,1.834,0.018,1.273656776493814
135.86,0.546,1.982,0.015,1.4766081412280614
135.86,0.593,1.738,0.019,1.3743199301952504
135.86,0.575,1.851,0.016,1.09118089503496
135.87,0.562,1.522,0.019,1.4521392676833837
135.87,0.539,1.912,0.018,1.4120604288915357
135.87,0.536,1.777,0.019,1.3266199266526335
135.87,0.558,1.615,0.018,1.1110205290535067
135.87,0.534,1.725,0.019,1.1670578719791695
135.87,0.512,1.967,0.019,1.334946542269339
135.89,0.535,1.607,0.015,1.3103177119035843
135.9,0.54,1.649,0.018,1.0771792170893808
135.9,0.509,1.656,0.019,1.1163024896756202
135.9,0.529,1.716,0.019,1.001013651877574
135.91,0.578,1.895,0.018,1.0306832770539087
135.92,0.553,1.512,0.017,1.2288596529918083
135.92,0.529,1.853,0.019,1.0206869436051835
135.93,0.585,1.931,0.018,1.1663466044815927
135.93,0.503,1.954,0.018,1.2634644741255994
135.94,0.51,1.707,0.016,1.1203827363444616
135.94,0.521,1.569,0.017,1.2733982003826703
135.95,0.58,1.66,0.018,1.272054858504382
135.95,0.501,1.949,0.016,1.045260528298621
135.96,0.565,1.759,0.017,1.0814479515859605
135.96,0.501,1.698,0.018,1.1301012259976746
135.96,0.545,1.835,0.015,1.0403788916557768
135.97,0.549,1.92,0.019,1.4336867822044226
135.97,0.578,1.676,0.016,1.1253654638137345
135.97,0.592,1.741,0.016,1.2665382507982494
135.97,0.542,1.539,0.015,1.1840596009491002
135.97,0.58,1.694,0.015,1.23830170323513
135.98,0.574,1.785,0.015,1.476061855422285
135.98,0.542,1.822,0.015,1.3251437800838524
135.99,0.58,1.701,0.017,1.4546419943372073
135.99,0.585,1.783,0.017,1.3327713457685142
135.99,0.518,1.767,0.017,1.3562963596426014
136.0,0.548,1.747,0.019,1.0670564539175296
136.01,0.562,1.656,0.019,1.131710399403908
136.01,0.574,1.77,0.016,1.0962731139769217
136.01,0.578,1.709,0.015,1.3298807662274126
136.01,0.597,1.702,0.017,1.3536805966408183
136.01,0.511,1.823,0.019,1.3970894315596813
136.02,0.598,1.542,0.017,1.324701109697492
136.02,0.506,1.732,0.019,1.0972248685557793
136.04,0.59,1.554,0.016,1.4945729307790945
136.05,0.524,1.853,0.016,1.2350192271454123
136.05,0.551,1.64,0.015,1.4554977875867285
136.05,0.558,1.891,0.017,1.2435473405540733
136.06,0.57,1.716,0.019,1.236147024431598
136.08,0.525,1.502,0.016,1.399686448086966
136.08,0.55,1.961,0.019,1.0706217750173177
136.09,0.516,1.884,0.019,1.3511810853128807
136.11,0.585,1.906,0.019,1.105455954033948
136.11,0.561,1.583,0.016,1.4358928329301537
136.11,0.597,1.809,0.015,1.3350173074752445
136.11,0.599,1.744,0.016,1.0429683480697522
136.11,0.543,1.87,0.015,1.3350743325146077
136.11,0.501,1.665,0.015,1.412747631853809
136.12,0.581,1.545,0.018,1.4220920009144395
136.12,0.544,1.625,0.019,1.4944649725797206
136.12,0.559,1.963,0.018,1.0532919775410625
136.13,0.581,1.708,0.019,1.3917521306878502
136.13,0.516,1.516,0.018,1.1343633332658185
136.14,0.516,1.704,0.018,1.3578424853290791
136.15,0.541,1.589,0.015,1.0143911176019982
136.15,0.521,1.846,0.019,1.30534398665842
136.16,0.511,1.854,0.016,1.3032048868413486
136.16,0.537,1.647,0.017,1.048922467326447
136.16,0.578,1.744,0.018,1.1305284091964096
136.18,0.598,1.877,0.015,1.3699853839613014
136.19,0.539,1.565,0.018,1.3745995665366642
136.2,0.581,1.842,0.017,1.3579420153592605
136.2,0.521,1.988,0.018,1.303900020371075
136.2,0.533,1.722,0.017,1.4321566114589468
136.21,0.586,1.716,0.018,1.1092669418209842
136.21,0.562,1.94,0.017,1.142922079801938
136.21,0.572,1.751,0.019,1.0624931139032618
136.21,0.537,1.573,0.017,1.0906570338687769
136.21,0.58,1.589,0.018,1.2066073446900998
136.22,0.562,1.701,0.018,1.1492499650023742
136.22,0.555,1.707,0.016,1.3918768237724253
136.22,0.521,1.882,0.019,1.0243392824753002
136.23,0.594,1.814,0.016,1.336148183114482
136.23,0.524,1.847,0.015,1.4734303257207362
136.23,0.583,1.631,0.016,1.3450638685786722
136.23,0.532,1.682,0.018,1.276478214598529
136.24,0.54,1.588,0.016,1.4144800464813552
136.25,0.503,1.656,0.018,1.1883532551782263
136.25,0.503,1.909,0.017,1.4710626907330486
136.26,0.549,1.566,0.019,1.466506325943713
136.26,0.509,1.589,0.016,1.4439956620027048
136.26,0.557,1.534,0.018,1.3668996797773683
136.26,0.515,1.822,0.018,1.3646572408099895
136.27,0.532,1.653,0.015,1.3496205371241463
136.28,0.588,1.608,0.015,1.4790241721774344
136.28,0.572,1.906,0.015,1.4843238035581738
136.29,0.528,1.718,0.018,1.208825270838353
136.29,0.584,1.803,0.015,1.2605291048167822
136.29,0.539,1.539,0.017,1.3178813016152255
136.29,0.504,1.838,0.018,1.248054535744632
136.29,0.53,1.815,0.016,1.017286866253151
136.29,0.564,1.974,0.018,1.2834306270702127
136.3,0.56,1.895,0.016,1.3743879203345883
136.3,0.519,1.81,0.018,1.2778116751799051
136.3,0.515,1.894,0.019,1.363504847944926
136.31,0.584,1.628,0.019,1.0305124264757506
136.31,0.569,1.915,0.018,1.491622810204552
136.32,0.526,1.848,0.018,1.3958626868975883
136.32,0.512,1.724,0.018,1.1235278125187769
136.33,0.501,1.654,0.019,1.2619295268387507
136.34,0.512,1.842,0.018,1.4061119096823813
136.34,0.513,1.701,0.016,1.0522303179101915
136.35,0.576,1.652,0.015,1.3880323274230324
136.35,0.535,1.768,0.019,1.4711277603534754
136.36,0.524,1.543,0.015,1.2797980315074742
136.36,0.511,1.552,0.017,1.0483403586069817
136.37,0.585,1.765,0.019,1.3478525539308752
136.37,0.508,1.76,0.018,1.2165082642770528
136.37,0.581,1.506,0.017,1.3242214644638757
136.38,0.512,1.512,0.018,1.06631730351584
136.38,0.525,1.774,0.016,1.1320295078810259
136.38,0.562,1.978,0.017,1.194419155899244
136.39,0.525,1.985,0.019,1.043803249135744
136.4,0.551,1.668,0.015,1.14759910884248
136.41,0.542,1.946,0.016,1.1214419967185365
136.41,0.54,1.907,0.018,1.1381261804336629
136.42,0.589,1.884,0.016,1.3301344775417678
136.43,0.521,1.566,0.015,1.0222664226302616
136.44,0.512,1.727,0.015,1.0019715888022303
136.45,0.585,1.737,0.015,1.4801711450636112
136.45,0.522,1.876,0.015,1.0728027046506183
136.46,0.539,1.872,0.016,1.3817037412723723
136.46,0.518,1.646,0.017,1.1301054825423493
136.46,0.54,1.828,0.019,1.2181994973905617
136.46,0.572,1.66,0.018,1.0830329246588613
136.46,0.531,1.895,0.019,1.4372547062121266
136.47,0.503,1.82,0.015,1.1454849435588286
136.48,0.512,1.772,0.019,1.2542658997883263
136.48,0.547,1.742,0.016,1.3193138117965229
136.48,0.591,1.944,0.015,1.427580856450501
136.49,0.518,1.694,0.018,1.442580858634661
136.5,0.578,1.799,0.019,1.0993565734648791
136.5,0.546,1.676,0.017,1.308572556102286
136.5,0.539,1.668,0.019,1.4896861621303639
136.5,0.545,1.809,0.019,1.2951192652267283
136.51,0.581,1.732,0.018,1.2705651505843618
136.52,0.508,1.638,0.018,1.1128483554347175
136.53,0.58,1.717,0.015,1.4935396880166953
136.53,0.505,1.751,0.018,1.411769816351105
136.54,0.515,1.671,0.016,1.129469781267968
136.54,0.504,1.929,0.019,1.4605979081632714
136.55,0.583,1.902,0.017,1.4252877515514175
136.55,0.502,1.77,0.016,1.255402999472266
136.57,0.555,1.769,0.015,1.2997723151363718
136.57,0.504,1.555,0.018,1.1103005510976578
136.58,0.581,1.686,0.019,1.3004236830364455
136.58,0.581,1.851,0.016,1.2960151087830254
136.59,0.557,1.848,0.015,1.433975904568717
136.59,0.549,1.789,0.015,1.1220360348080112
136.59,0.577,1.959,0.015,1.2714754265356796
136.59,0.542,1.633,0.018,1.4880612370563577
136.61,0.53,1.529,0.019,1.3292661004644308
136.61,0.592,1.798,0.016,1.4763633910746339
136.61,0.561,1.736,0.018,1.3372359281437842
136.62,0.572,1.598,0.016,1.3716047243727594
136.63,0.518,1.733,0.015,1.27103489940778
136.63,0.552,1.991,0.017,1.1857137532743034
136.64,0.567,1.624,0.017,1.2398707722800302
136.64,0.568,1.955,0.018,1.1643350968366029
136.65,0.503,1.778,0.015,1.1099373803077808
136.65,0.584,1.571,0.015,1.3298216247664063
136.66,0.591,1.755,0.016,1.421882589819966
136.66,0.592,1.648,0.018,1.4827710985433218
136.67,0.553,1.983,0.019,1.1666315828308775
136.67,0.557,1.872,0.016,1.1566948689649594
136.68,0.529,1.528,0.015,1.3561308142280475
136.68,0.516,1.693,0.017,1.2444592778295642
136.69,0.559,1.906,0.017,1.2972824099434175
136.69,0.577,1.603,0.019,1.2593064386486152
136.69,0.594,1.982,0.015,1.431670030871142
136.7,0.555,1.843,0.017,1.4158463808229085
136.7,0.506,1.991,0.019,1.0774880332634733
136.7,0.554,1.79,0.017,1.1929624453801553
136.71,0.572,1.587,0.015,1.3019331430716998
136.72,0.519,1.795,0.017,1.1143780785095168
136.72,0.579,1.925,0.019,1.2518782786462197
136.72,0.519,1.518,0.016,1.1347598874792009
136.72,0.586,1.75,0.018,1.1322898533139805
136.73,0.576,1.767,0.015,1.2425863826209107
136.73,0.529,1.929,0.018,1.1475210513886207
136.73,0.51,1.906,0.017,1.4883054567500726
136.74,0.588,1.855,0.016,1.4344907603560966
136.74,0.584,1.863,0.018,1.3417936160886137
136.76,0.533,1.898,0.015,1.4960598756679941
136.76,0.559,1.966,0.017,1.0340154412988891
136.78,0.558,1.68,0.019,1.2946926384134918
136.78,0.516,1.876,0.018,1.3611183619878513
136.8,0.587,1.756,0.016,1.282508659381444
136.8,0.509,1.798,0.016,1.3209587792183481
136.81,0.573,1.934,0.019,1.1185918154911316
136.81,0.592,1.566,0.016,1.4723174536144144
136.82,0.598,1.789,0.016,1.0559589762945243
136.83,0.522,1.659,0.016,1.2422420025017369
136.83,0.592,1.681,0.016,1.0788151913429154
136.83,0.528,1.62,0.018,1.019087594190059
136.83,0.547,1.573,0.017,1.2517741288597362
136.83,0.505,1.512,0.018,1.0135453385682838
136.85,0.518,1.592,0.015,1.1110950808694744
136.85,0.599,1.579,0.015,1.272354828202201
136.86,0.54,1.818,0.015,1.4302425877360128
136.86,0.532,1.916,0.016,1.3635974249358551
136.86,0.524,1.575,0.017,1.1316226342167706
136.87,0.522,1.971,0.019,1.4113060402586153
136.88,0.594,1.516,0.015,1.4107435369655672
136.88,0.528,1.744,0.015,1.172146186064001
136.89,0.521,1.835,0.017,1.4274933370909748
136.89,0.594,1.818,0.017,1.2334916379027332
136.89,0.555,1.62,0.015,1.4639968746709295
136.9,0.557,1.527,0.018,1.4066297478072427
136.9,0.504,1.641,0.018,1.360293689749656
136.9,0.522,1.95,0.017,1.180782736122358
136.91,0.533,1.655,0.018,1.1441670659077077
136.91,0.565,1.537,0.015,1.3278401752073021
136.92,0.562,1.657,0.018,1.338252219799546
136.92,0.541,1.676,0.016,1.00914051954117
136.93,0.568,1.781,0.019,1.1530376452600852
136.94,0.55,1.799,0.015,1.0320749683949468
136.94,0.594,1.798,0.018,1.1771339790451882
136.95,0.598,1.915,0.018,1.1239920663408745
136.95,0.511,1.656,0.015,1.4799811546291497
136.96,0.501,1.934,0.017,1.4706110614833812
136.96,0.536,1.696,0.019,1.3016279817044267
136.97,0.552,1.923,0.018,1.0645808907987573
136.98,0.58,1.745,0.018,1.0430095809907631
136.99,0.577,1.795,0.016,1.422004519589743
136.99,0.554,1.966,0.017,1.1658516229602671
136.99,0.588,1.763,0.019,1.0497057941392174
136.99,0.507,1.917,0.018,1.3200444634854216
137.0,0.561,1.67,0.015,1.0303515392480562
137.0,0.575,1.674,0.015,1.296046014997617
137.01,0.531,1.672,0.016,1.3443187393319134
137.01,0.507,1.728,0.018,1.1062350492562047
137.02,0.579,1.75,0.018,1.2884765714403992
137.02,0.579,1.954,0.015,1.0969792244503638
137.03,0.573,1.719,0.017,1.450208401319519
137.03,0.536,1.952,0.017,1.450047358638125
137.06,0.506,1.741,0.016,1.194571658498384
137.07,0.546,1.729,0.016,1.012110991388059
137.07,0.555,1.516,0.017,1.2900513345563753
137.07,0.597,1.776,0.018,1.186920224477273
137.08,0.516,1.831,0.016,1.2301231496048146
137.08,0.599,1.717,0.015,1.3801513778838657
137.08,0.541,1.728,0.016,1.1882539416136573
137.09,0.505,1.775,0.017,1.0432440098855134
137.09,0.551,1.767,0.019,1.090942119645035
137.09,0.514,1.818,0.016,1.484049152299707
137.09,0.595,1.675,0.016,1.0281100857907122
137.1,0.51,1.701,0.019,1.3092575131284445
137.1,0.574,1.969,0.019,1.47946621354922
137.11,0.507,1.797,0.017,1.2450400477976973
137.11,0.596,1.878,0.015,1.4302115159894706
137.12,0.596,1.567,0.015,1.3939604384521027
137.13,0.599,1.613,0.017,1.2467290079457343
137.13,0.559,1.799,0.015,1.1559918352901521
137.14,0.585,1.766,0.018,1.398630402739631
137.15,0.572,1.713,0.019,1.4662854678815023
137.15,0.514,1.972,0.017,1.1125371627388514
137.15,0.518,1.827,0.018,1.440938444250407
137.15,0.531,1.807,0.019,1.2325895462760241
137.17,0.513,1.806,0.019,1.21346241919059
137.18,0.523,1.671,0.018,1.3464626383850393
137.18,0.567,1.517,0.018,1.0610509970056294
137.19,0.532,1.932,0.016,1.0208787042493788
137.19,0.575,1.773,0.017,1.3622108524224767
137.2,0.517,1.938,0.016,1.0245835143464566
137.2,0.558,1.866,0.019,1.0968849480539873
137.2,0.569,1.949,0.015,1.2583354190164127
137.2,0.555,1.706,0.017,1.0431317212861682
137.2,0.548,1.932,0.019,1.3617213390407792
137.21,0.501,1.883,0.017,1.1913761257327165
137.21,0.535,1.737,0.018,1.2092820045865693
137.22,0.533,1.959,0.019,1.158758349388417
137.22,0.537,1.647,0.017,1.1478139035152215
137.22,0.588,1.515,0.016,1.3113469457596765
137.22,0.524,1.523,0.015,1.11996180482546
137.23,0.575,1.587,0.019,1.4241203590296765
137.23,0.577,1.747,0.017,1.4591140811710757
137.23,0.576,1.598,0.017,1.0673156280922098
137.24,0.53,1.545,0.015,1.3454263959005803
137.24,0.568,1.926,0.016,1.4799654295932965
137.24,0.52,1.694,0.019,1.0909557610600655
137.26,0.505,1.805,0.016,1.343830346653055
137.27,0.532,1.722,0.015,1.0477770875426997
137.27,0.51,1.594,0.019,1.0541110029541194
137.28,0.539,1.966,0.018,1.1844523435356293
137.29,0.559,1.788,0.019,1.0153816389473582
137.29,0.518,1.677,0.018,1.2574930248016547
137.29,0.58,1.671,0.016,1.3507784135809713
137.29,0.593,1.604,0.016,1.0244816080154098
137.29,0.533,1.638,0.019,1.1413908777259167
137.3,0.52,1.756,0.016,1.0395787776391419
137.3,0.508,1.948,0.017,1.2656917099754015
137.31,0.557,1.669,0.019,1.1330995513297335
137.32,0.546,1.987,0.018,1.2968617631173294
137.32,0.597,1.731,0.019,1.090807850335063
137.32,0.587,1.999,0.015,1.254713431116486
137.32,0.524,1.717,0.015,1.0628663074965412
137.33,0.584,1.547,0.016,1.4788583746052235
137.33,0.508,1.983,0.019,1.3206420329677138
137.34,0.53,1.591,0.018,1.2849021554956426
137.35,0.551,1.722,0.016,1.3181352119319851
137.35,0.516,1.983,0.015,1.2307250768506575
137.36,0.531,1.746,0.018,1.2003375920906003
137.36,0.533,1.902,0.019,1.2504356358984694
137.36,0.576,1.61,0.016,1.43348605666456
137.37,0.575,1.621,0.019,1.4655918774694838
137.37,0.569,1.99,0.015,1.4442940278838114
137.38,0.51,1.619,0.016,1.167026560246029
137.38,0.573,1.5,0.015,1.0953956939100853
137.38,0.501,1.869,0.017,1.4251100439885505
137.39,0.526,1.784,0.015,1.3020002234371975
137.39,0.591,1.53,0.015,1.1682329490051118
137.4,0.59,1.966,0.015,1.0382875197982169
137.4,0.533,1.792,0.018,1.4040871649278326
137.41,0.549,1.647,0.018,1.414293329186565
137.42,0.513,1.924,0.015,1.0218340720772034
137.42,0.519,1.52,0.019,1.451157400164529
137.42,0.572,1.932,0.019,1.2735330323145073
137.44,0.517,1.965,0.018,1.3898288979331634
137.44,0.586,1.961,0.018,1.322019470612859
137.45,0.552,1.878,0.015,1.3470462924413396
137.45,0.589,1.601,0.019,1.129697711477839
137.45,0.527,1.965,0.017,1.1406004654982085
137.46,0.506,1.72,0.016,1.4167260402449793
137.46,0.512,1.883,0.017,1.139728907197985
137.47,0.547,1.839,0.018,1.194838685157537
137.48,0.574,1.985,0.019,1.2131634237940874
137.48,0.566,1.8,0.015,1.3419412144310099
137.48,0.535,1.869,0.019,1.0485074023283776
137.49,0.598,1.88,0.016,1.35030141209452
137.49,0.515,1.578,0.018,1.373448510979075
137.5,0.595,1.751,0.016,1.1094866019337484
137.5,0.535,1.795,0.016,1.249305089447466
137.52,0.501,1.589,0.017,1.1451595821212694
137.52,0.532,1.908,0.017,1.0310125802583903
137.53,0.561,1.674,0.016,1.1604908363552973
137.53,0.518,1.814,0.017,1.267507093030327
137.53,0.562,1.767,0.017,1.4413286712994147
137.54,0.578,1.818,0.019,1.0637331299036652
137.54,0.528,1.507,0.017,1.02573885526885
137.54,0.5,1.827,0.017,1.4386689581881753
137.55,0.564,1.731,0.019,1.3613748903234244
137.55,0.597,1.916,0.016,1.4892268230510228
137.55,0.557,1.672,0.019,1.3614333552427487
137.55,0.502,1.663,0.019,1.274279597333
137.56,0.525,1.877,0.016,1.1279706180962037
137.56,0.512,1.652,0.015,1.218606813210461
137.56,0.592,1.61,0.017,1.0942730424708553
137.57,0.55,1.996,0.019,1.2606623101759749
137.57,0.596,1.876,0.018,1.0449884494735615
137.58,0.568,1.981,0.016,1.3215525962066539
137.58,0.531,1.637,0.018,1.0124348879597727
137.58,0.547,1.739,0.017,1.4022965869130275
137.58,0.55,1.954,0.017,1.0275196151063273
137.58,0.545,1.606,0.015,1.295140512194227
137.58,0.576,1.764,0.017,1.447514941247341
137.6,0.547,1.904,0.016,1.1530284039922407
137.6,0.531,1.681,0.017,1.3965241083823383
137.61,0.543,1.528,0.017,1.2252278862428447
137.61,0.546,1.881,0.016,1.31243797540048
137.61,0.581,1.804,0.018,1.229358548956068
137.62,0.549,1.631,0.019,1.216126026423808
137.62,0.588,1.886,0.017,1.268154825455848
137.63,0.529,1.564,0.015,1.200625506409944
137.63,0.529,1.837,0.017,1.4841771601330462
137.63,0.598,1.704,0.016,1.0670333951198014
137.64,0.535,1.874,0.016,1.1652646483338673
137.65,0.509,1.894,0.017,1.3490977766552485
137.66,0.514,1.831,0.017,1.3626681567708157
137.66,0.52,1.555,0.018,1.4180876172811625
137.66,0.537,1.916,0.016,1.1580768671666302
137.66,0.586,1.686,0.017,1.4326365561623318
137.66,0.538,1.816,0.017,1.3069944372454139
137.66,0.502,1.797,0.019,1.0136562378398217
137.67,0.572,1.641,0.015,1.1034186649412727
137.67,0.507,1.768,0.019,1.2489558073335747
137.67,0.541,1.679,0.019,1.2170226333172756
137.67,0.57,1.69,0.016,1.2182856759015848
137.67,0.544,1.763,0.016,1.0485269293744486
137.68,0.537,1.965,0.018,1.330057730767272
137.69,0.584,1.839,0.015,1.0401537207665463
137.7,0.589,1.984,0.016,1.4170523753910271
137.7,0.587,1.982,0.016,1.3689744594627435
137.7,0.542,1.931,0.018,1.2685089128905704
137.7,0.596,1.603,0.018,1.0481629084850486
137.71,0.548,1.862,0.019,1.3329345599366094
137.71,0.512,1.623,0.015,1.2677885557984914
137.71,0.576,1.891,0.016,1.4718934786750721
137.72,0.529,1.789,0.015,1.3771403939197933
137.72,0.5,1.54,0.018,1.1908241537651585
137.74,0.515,1.654,0.018,1.4507484211714878
137.74,0.593,1.645,0.015,1.120331897899173
137.74,0.544,1.716,0.018,1.0778100051086348
137.74,0.507,1.532,0.016,1.1048631441496333
137.75,0.573,1.989,0.019,1.023973228617927
137.76,0.571,1.965,0.018,1.0502964597571363
137.76,0.506,1.664,0.018,1.1052362878205833
137.76,0.521,1.92,0.016,1.1213033313348644
137.77,0.583,1.84,0.016,1.0805806692560127
137.78,0.501,1.505,0.015,1.167057785731372
137.78,0.549,1.825,0.017,1.4100461944165283
137.78,0.526,1.569,0.015,1.2694923967528053
137.78,0.539,1.546,0.018,1.097713673075975
137.78,0.548,1.906,0.019,1.0594750524734242
137.79,0.538,1.945,0.016,1.3835642245799513
137.81,0.561,1.731,0.019,1.4713619798930155
137.81,0.532,1.699,0.015,1.3424493451243986
137.81,0.57,1.956,0.016,1.4588873084495853
137.82,0.528,1.844,0.015,1.2652909207658884
137.82,0.543,1.916,0.019,1.0354574398793621
137.83,0.541,1.561,0.015,1.1173716515023375
137.85,0.578,1.661,0.015,1.1090872425682927
137.85,0.574,1.533,0.015,1.31851172454016
137.85,0.535,1.639,0.015,1.0450193547188287
137.86,0.543,1.569,0.016,1.4477785333455948
137.86,0.593,1.77,0.017,1.0822784508328547
137.86,0.527,1.683,0.019,1.4728577520954602
137.86,0.584,1.67,0.016,1.4638062052017033
137.87,0.553,1.799,0.017,1.2203192647513113
137.88,0.525,1.541,0.018,1.2040438194819492
137.88,0.564,1.988,0.016,1.2485748087661912
137.89,0.555,1.563,0.019,1.087059467946819
137.91,0.577,1.534,0.018,1.0428941842213517
137.92,0.532,1.503,0.017,1.122246792725568
137.93,0.525,1.887,0.016,1.3268406693833055
137.94,0.556,1.744,0.018,1.3861217343050298
137.95,0.553,1.549,0.016,1.3250847479533534
137.95,0.536,1.914,0.016,1.1395202074048194
137.96,0.527,1.504,0.018,1.3212620463202611
137.97,0.591,1.855,0.016,1.038643248293207
137.97,0.571,1.955,0.016,1.3275779545881852
137.97,0.586,1.542,0.019,1.2902776566976017
137.97,0.548,1.7,0.019,1.186183967786452
137.98,0.558,1.755,0.019,1.157145799216505
137.98,0.506,1.828,0.018,1.4060325897975734
137.99,0.517,1.932,0.018,1.136848136890504
137.99,0.534,1.541,0.019,1.3444112870077967
137.99,0.568,1.785,0.016,1.1443171014823292
137.99,0.546,1.796,0.018,1.2528925005404947
137.99,0.587,1.584,0.018,1.104587020505794
138.0,0.517,1.687,0.019,1.4048826310357074
138.01,0.504,1.99,0.016,1.3731183196450434
138.01,0.59,1.839,0.019,1.2758737870602603
138.02,0.556,1.988,0.015,1.2308188925150938
138.02,0.533,1.784,0.015,1.0578598574380622
138.02,0.54,1.604,0.015,1.3890352881634311
138.02,0.595,1.918,0.019,1.26374302493001
138.03,0.575,1.928,0.018,1.1229073743280225
138.04,0.507,1.525,0.015,1.1851472201282303
138.04,0.561,1.645,0.015,1.4895309981712341
138.04,0.506,1.62,0.017,1.2292295422690704
138.04,0.564,1.666,0.019,1.4149545484238717
138.05,0.531,1.956,0.019,1.3966769756014985
138.06,0.542,1.865,0.019,1.296726336913015
138.06,0.566,1.957,0.015,1.3281220354652064
138.06,0.553,1.691,0.018,1.418005631921768
138.07,0.528,1.967,0.015,1.328488132254196
138.07,0.55,1.686,0.015,1.2128949724995783
138.07,0.565,1.904,0.017,1.239065959825881
138.07,0.564,1.655,0.017,1.095934718519333
138.07,0.515,1.996,0.016,1.2725127808750325
138.07,0.558,1.708,0.015,1.0232599864571814
138.08,0.562,1.95,0.015,1.3218556375230364
138.08,0.529,1.779,0.019,1.0109975389681292
138.08,0.544,1.686,0.018,1.3800213009326225
138.09,0.504,1.512,0.015,1.172254473693004
138.1,0.582,1.74,0.016,1.0914233448864752
138.1,0.595,1.707,0.017,1.046155235289316
138.11,0.575,1.924,0.018,1.468678465071144
138.12,0.589,1.935,0.019,1.0534408495713719
138.12,0.596,1.603,0.016,1.2439938169122762
138.13,0.593,1.711,0.015,1.453505152966064
138.14,0.596,1.738,0.019,1.177498570791809
138.14,0.577,1.574,0.016,1.3898367139165497
138.15,0.557,1.68,0.019,1.448452021165269
138.17,0.535,1.968,0.017,1.422955172556488
138.17,0.529,1.69,0.015,1.1275854627571533
138.18,0.575,1.554,0.017,1.1380422992605435
138.18,0.535,1.947,0.016,1.3615750584739126
138.18,0.535,1.936,0.015,1.471893300442155
138.18,0.505,1.658,0.019,1.1540386546365824
138.18,0.543,1.975,0.019,1.1796638812736893
138.19,0.503,1.988,0.017,1.3376382807785077
138.2,0.527,1.69,0.015,1.0337506967594667
138.2,0.514,1.889,0.019,1.0895190386112579
138.2,0.599,1.906,0.015,1.0001203112790442
138.21,0.599,1.586,0.016,1.24811080001655
138.22,0.589,1.652,0.019,1.454369598083691
138.23,0.597,1.7,0.015,1.1294115138281573
138.24,0.519,1.853,0.015,1.4179190586417012
138.24,0.54,1.853,0.019,1.2404982999632548
138.24,0.551,1.821,0.016,1.1236226421169644
138.24,0.53,1.54,0.016,1.134188021638296
138.25,0.524,1.956,0.016,1.402954544022427
138.26,0.545,1.845,0.015,1.3971349026766713
138.26,0.596,1.791,0.016,1.2052885468529566
138.27,0.516,1.718,0.016,1.4309953946290221
138.27,0.55,1.856,0.017,1.21563250227127
138.27,0.549,1.679,0.015,1.3193495181353352
138.27,0.565,1.678,0.018,1.2966486517905194
138.28,0.575,1.825,0.015,1.214971896854995
138.28,0.582,1.614,0.015,1.2380647280580264
138.29,0.55,1.737,0.019,1.3659768842463933
138.29,0.596,1.881,0.019,1.4051849631352584
138.3,0.555,1.789,0.018,1.0523768188837679
138.3,0.538,1.54,0.019,1.1894834135752723
138.31,0.54,1.942,0.018,1.2695165753941442
138.31,0.581,1.514,0.019,1.4111761433887358
138.33,0.517,1.617,0.017,1.4809485534448625
138.33,0.519,1.536,0.019,1.0546577200369653
138.33,0.584,1.906,0.019,1.4078157788200665
138.34,0.586,1.762,0.017,1.1650748209243709
138.34,0.588,1.623,0.016,1.4670402336157295
138.35,0.523,1.87,0.019,1.0482674333229598
138.35,0.584,1.836,0.015,1.0271198728812412
138.36,0.539,1.713,0.015,1.2502207496606157
138.36,0.585,1.533,0.017,1.262622949128134
138.36,0.588,1.675,0.015,1.467964827615317
138.37,0.566,1.889,0.019,1.297610963920486
138.37,0.527,1.638,0.017,1.4412090261098665
138.37,0.531,1.832,0.015,1.2498254784083807
138.38,0.589,1.702,0.017,1.1550216077436344
138.41,0.553,1.877,0.017,1.4049596525257662
138.41,0.587,1.623,0.016,1.1230344124821918
138.42,0.577,1.529,0.017,1.195126613649564
138.42,0.583,1.619,0.016,1.4780263513513132
138.42,0.504,1.743,0.016,1.2806717208067868
138.42,0.517,1.992,0.015,1.0432989489366609
138.42,0.567,1.732,0.016,1.0230474518955348
138.43,0.565,1.901,0.017,1.0779296549222708
138.43,0.591,1.79,0.016,1.3952977638413053
138.44,0.549,1.523,0.015,1.3079860902573885
138.44,0.514,1.714,0.017,1.4378620050153792
138.44,0.548,1.955,0.017,1.4144804982193477
138.45,0.591,1.658,0.015,1.2790115484454652
138.45,0.574,1.526,0.018,1.1606642526962165
138.46,0.56,1.542,0.015,1.2037108353630124
138.46,0.572,1.937,0.017,1.3463860051854968
138.46,0.598,1.854,0.018,1.3140511800712105
138.47,0.513,1.935,0.017,1.385906995195924
138.47,0.562,1.805,0.018,1.4329424982382377
138.48,0.56,1.789,0.018,1.3596429855352499
138.5,0.578,1.528,0.015,1.0431796848120825
138.52,0.566,1.733,0.019,1.2950231800753391
138.52,0.51,1.671,0.018,1.253049454450104
138.52,0.524,1.991,0.015,1.2678573346901607
138.53,0.584,1.702,0.019,1.0343470662347758
138.53,0.529,1.528,0.016,1.3347808324051735
138.54,0.515,1.697,0.018,1.389285219013543
138.54,0.547,1.639,0.016,1.4531699105357183
138.55,0.518,1.646,0.015,1.4250650215135923
138.55,0.529,1.826,0.017,1.3825679952149854
138.56,0.57,1.698,0.015,1.422732370677779
138.56,0.523,1.77,0.017,1.4908987823664324
138.56,0.542,1.833,0.016,1.0945801119663567
138.56,0.549,1.915,0.016,1.113863476827802
138.57,0.546,1.707,0.017,1.3770488809405945
138.58,0.518,1.718,0.019,1.3642297074501317
138.58,0.529,1.798,0.018,1.2606311715129868
138.59,0.559,1.663,0.017,1.349289873513365
138.6,0.557,1.812,0.017,1.2028544067842786
138.6,0.594,1.849,0.019,1.499715628677389
138.61,0.59,1.839,0.018,1.483972322188749
138.62,0.526,1.894,0.015,1.176743788861475
138.62,0.574,1.661,0.019,1.1088860035050738
138.62,0.549,1.934,0.015,1.4430058589568895
138.63,0.537,1.654,0.017,1.4388310247032021
138.63,0.551,1.859,0.015,1.4548186118848636
138.63,0.578,1.978,0.017,1.4459038186882425
138.63,0.596,1.543,0.019,1.1585429452165854
138.63,0.54,1.628,0.017,1.2292571152438687
138.64,0.558,1.682,0.018,1.2957264889538274
138.64,0.502,1.542,0.016,1.2610208312674824
138.65,0.541,1.921,0.015,1.3165813675116669
138.65,0.51,1.514,0.019,1.3706523045540935
138.65,0.576,1.882,0.016,1.2746760023602142
138.65,0.565,1.612,0.019,1.3851396484025926
138.65,0.555,1.884,0.016,1.1337075747629122
138.66,0.596,1.57,0.017,1.4061411675915942
138.66,0.558,1.592,0.019,1.3101299729132696
138.67,0.594,1.669,0.017,1.0188586846238616
138.67,0.592,1.666,0.019,1.1029419242584528
138.67,0.542,1.599,0.019,1.0888864891583563
138.67,0.582,1.999,0.016,1.3598839384231582
138.68,0.516,1.974,0.017,1.1613067441753362
138.68,0.585,1.901,0.019,1.4283252620689653
138.68,0.587,1.924,0.019,1.0448432535076293
138.68,0.56,1.988,0.017,1.4312566388416736
138.69,0.55,1.557,0.018,1.4247226508667505
138.69,0.509,1.782,0.018,1.2967405444346138
138.69,0.584,1.528,0.015,1.1544872325305542
138.7,0.572,1.677,0.019,1.33732106658948
138.7,0.577,1.632,0.017,1.3164879972504107
138.7,0.598,1.775,0.015,1.0857626275053802
138.7,0.569,1.709,0.015,1.019017797263776
138.71,0.509,1.948,0.019,1.2313782044296167
138.71,0.543,1.892,0.016,1.308670072832647
138.72,0.576,1.508,0.016,1.4544453421521775
138.73,0.567,1.738,0.016,1.4238881681579068
138.74,0.563,1.576,0.016,1.4382803868452658
138.74,0.526,1.78,0.019,1.3550015207142696
138.74,0.576,1.792,0.016,1.0076118656113957
138.78,0.539,1.708,0.016,1.3213910186789748
138.78,0.502,1.51,0.018,1.2631670590802944
138.79,0.505,1.596,0.017,1.3054349235783524
138.79,0.572,1.774,0.017,1.2671832167147492
138.79,0.515,1.607,0.017,1.3179445526996016
138.8,0.543,1.855,0.019,1.045250995093613
138.8,0.547,1.898,0.017,1.2401021236159597
138.8,0.515,1.759,0.019,1.0862113349597222
138.81,0.55,1.667,0.015,1.0886623439508374
138.81,0.543,1.732,0.015,1.33485381570663
138.82,0.599,1.535,0.019,1.1470166789454197
138.83,0.55,1.675,0.019,1.1545187416380225
138.83,0.515,1.571,0.015,1.4943575225517356
138.83,0.574,1.635,0.016,1.3737539016910318
138.84,0.534,1.55,0.016,1.3309746466852515
138.84,0.591,1.809,0.017,1.4930402901160353
138.85,0.54,1.909,0.015,1.4104954574668618
138.85,0.508,1.894,0.016,1.3769602832505152
138.87,0.522,1.81,0.017,1.192653316893123
138.87,0.546,1.927,0.019,1.2936337787475856
138.88,0.531,1.867,0.016,1.1100288319308573
138.9,0.564,1.56,0.019,1.3442613646585784
138.9,0.533,1.85,0.016,1.0355828397353035
138.91,0.589,1.642,0.019,1.1495472251190684
138.91,0.548,1.738,0.015,1.0040070216217054
138.92,0.505,1.994,0.015,1.460784193607378
138.93,0.552,1.762,0.018,1.199934134792401
138.93,0.544,1.902,0.017,1.048519314211799
138.94,0.573,1.878,0.017,1.3873093902222213
138.94,0.51,1.523,0.019,1.254943072250104
138.94,0.531,1.972,0.017,1.2716538698491364
138.95,0.556,1.947,0.018,1.4984738630028682
138.95,0.55,1.722,0.016,1.1188245596725697
138.95,0.583,1.836,0.015,1.2176041102975999
138.96,0.524,1.633,0.015,1.1182424110706533
138.96,0.539,1.768,0.015,1.2268889038817545
138.97,0.557,1.916,0.017,1.219941559555785
138.97,0.515,1.837,0.019,1.1649712473297211
138.98,0.538,1.528,0.019,1.1156592503448988
138.98,0.563,1.661,0.015,1.0662038269971261
139.0,0.51,1.571,0.015,1.3289589449008792
139.0,0.546,1.731,0.018,1.353784986746494
139.01,0.511,1.708,0.017,1.1344314609470507
139.01,0.565,1.878,0.015,1.4244028352580262
139.01,0.527,1.775,0.019,1.0682775400386486
139.02,0.586,1.967,0.015,1.061263711929496
139.02,0.581,1.618,0.015,1.3912267964683822
139.03,0.538,1.732,0.017,1.3348949623475073
139.03,0.598,1.653,0.019,1.0767460781215608
139.03,0.573,1.778,0.015,1.0900172847459904
139.04,0.583,1.699,0.015,1.218243336127545
139.04,0.54,1.506,0.015,1.3527980132463813
139.04,0.502,1.838,0.019,1.1533079913382454
139.05,0.548,1.94,0.016,1.0492406703878108
139.06,0.597,1.825,0.017,1.3933425423498702
139.06,0.522,1.724,0.018,1.4931023736102682
139.06,0.556,1.534,0.019,1.41122328383404
139.07,0.547,1.862,0.018,1.4489361136800727
139.07,0.585,1.91,0.016,1.4982835234307548
139.08,0.521,1.902,0.015,1.0565691411000724
139.09,0.575,1.779,0.015,1.1190133674622247
139.09,0.586,1.551,0.015,1.4987662600501548
139.1,0.521,1.688,0.015,1.3991479783891956
139.1,0.519,1.521,0.016,1.46548241072636
139.1,0.599,1.883,0.016,1.188285262080713
139.1,0.546,1.815,0.019,1.3915030373506188
139.11,0.544,1.899,0.015,1.0374917364122431
139.11,0.52,1.669,0.016,1.0130982555154744
139.11,0.554,1.623,0.019,1.403510860734686
139.11,0.515,1.633,0.015,1.369760022919175
139.11,0.583,1.581,0.016,1.1409773493279929
139.11,0.512,1.895,0.015,1.116111189423896
139.12,0.552,1.51,0.017,1.0409396382859106
139.13,0.512,1.639,0.016,1.0193715304594186
139.14,0.527,1.998,0.019,1.318916785283154
139.14,0.559,1.797,0.019,1.4917002798006826
139.14,0.572,1.972,0.019,1.4206405395182504
139.14,0.589,1.695,0.017,1.4783620096934407
139.16,0.521,1.531,0.018,1.2067578692580359
139.16,0.595,1.702,0.017,1.0574915542563683
139.17,0.549,1.755,0.015,1.4464130285009638
139.17,0.564,1.872,0.019,1.282962195801918
139.17,0.561,1.684,0.015,1.311432952026364
139.18,0.599,1.789,0.015,1.4361289621403832
139.18,0.59,1.943,0.018,1.4828857419184938
139.2,0.586,1.856,0.019,1.1464698405407658
139.21,0.545,1.65,0.016,1.1080854465365595
139.23,0.575,1.633,0.017,1.4129032322566673
139.24,0.575,1.848,0.018,1.064409272071961
139.24,0.508,1.884,0.017,1.4291337866737757
139.24,0.542,1.939,0.017,1.470335070925302
139.24,0.569,1.612,0.019,1.1605933193504607
139.25,0.511,1.935,0.015,1.4328460716073548
139.25,0.582,1.838,0.019,1.4181765696443154
139.26,0.583,1.944,0.017,1.1340239857603698
139.26,0.549,1.846,0.018,1.491204505630884
139.28,0.534,1.76,0.017,1.4684064539758401
139.28,0.511,1.987,0.019,1.0715020225204377
139.28,0.572,1.841,0.018,1.1304503859342219
139.3,0.507,1.985,0.018,1.4824568731197103
139.3,0.55,1.867,0.018,1.3811126429639993
139.3,0.5,1.869,0.015,1.1260927269812435
139.31,0.5,1.615,0.017,1.1861430584506214
139.32,0.522,1.88,0.015,1.4283928121606126
139.32,0.521,1.805,0.017,1.130970246264291
139.33,0.526,1.733,0.019,1.31536425024765
139.33,0.506,1.671,0.017,1.3016245180883628
139.34,0.544,1.924,0.018,1.421865425704095
139.35,0.551,1.667,0.016,1.3514077214472606
139.36,0.547,1.514,0.017,1.2429971778368385
139.36,0.528,1.796,0.017,1.21194910767258
139.36,0.515,1.851,0.016,1.185854107563098
139.36,0.552,1.778,0.019,1.2552530184316153
139.37,0.552,1.903,0.015,1.3399331040293538
139.37,0.524,1.615,0.018,1.4292901867549794
139.37,0.503,1.915,0.015,1.231018531053215
139.37,0.524,1.719,0.015,1.0128969512976067
139.37,0.521,1.866,0.019,1.2106094073730493
139.37,0.542,1.57,0.019,1.3570378101622538
139.4,0.511,1.579,0.016,1.2559913800102025
139.4,0.599,1.655,0.019,1.0475215269599742
139.4,0.575,1.903,0.016,1.315100311490089
139.4,0.554,1.962,0.016,1.4168768388017203
139.41,0.557,1.675,0.018,1.4277212127844907
139.42,0.555,1.85,0.019,1.2431738609235414
139.42,0.55,1.791,0.016,1.3382818416703914
139.42,0.526,1.506,0.019,1.4811144593336139
139.42,0.575,1.614,0.017,1.1350465032741757
139.43,0.56,1.749,0.015,1.2926553359338224
139.43,0.527,1.683,0.015,1.115354258021893
139.45,0.526,1.737,0.019,1.2551142120375882
139.46,0.582,1.663,0.018,1.225173915310015
139.46,0.565,1.786,0.019,1.1293885046072933
139.47,0.523,1.88,0.019,1.350827570446288
139.48,0.575,1.739,0.016,1.1515873561860301
139.48,0.594,1.588,0.018,1.132722546688603
139.49,0.518,1.927,0.019,1.4616533596574826
139.49,0.503,1.855,0.018,1.2950717335540993
139.5,0.535,1.821,0.017,1.0024524511488004
139.5,0.565,1.641,0.018,1.3342902732321396
139.51,0.552,1.639,0.019,1.4428979295757356
139.51,0.551,1.78,0.015,1.3605449733146493
139.52,0.57,1.937,0.019,1.030445455954164
139.53,0.538,1.83,0.018,1.0336233948670914
139.54,0.584,1.699,0.016,1.3640217166691637
139.54,0.561,1.666,0.016,1.3714835091924593
139.55,0.5,1.618,0.016,1.435772937721189
139.56,0.546,1.825,0.015,1.1512922761450564
139.56,0.518,1.92,0.016,1.104107392576585
139.57,0.58,1.887,0.016,1.1654806144960175
139.57,0.547,1.648,0.015,1.3408881808069641
139.58,0.549,1.749,0.016,1.1612598680325528
139.59,0.55,1.88,0.019,1.4549468870292244
139.59,0.56,1.987,0.015,1.0943729152228243
139.6,0.595,1.852,0.019,1.3928760380432488
139.6,0.518,1.539,0.017,1.4688893787226465
139.61,0.505,1.527,0.019,1.039591018877745
139.61,0.547,1.654,0.018,1.3569237433868948
139.61,0.52,1.876,0.015,1.2714197719426494
139.61,0.512,1.968,0.015,1.4130919135467388
139.61,0.525,1.541,0.015,1.0093192610764072
139.61,0.501,1.737,0.015,1.4065682805497097
139.62,0.557,1.671,0.019,1.3168817592285793
139.63,0.514,1.82,0.015,1.005422337784293
139.63,0.502,1.804,0.017,1.0038112160490607
139.63,0.528,1.663,0.016,1.3819382133825862
139.63,0.558,1.833,0.017,1.3642744133457312
139.65,0.563,1.683,0.015,1.1494724483391452
139.65,0.594,1.647,0.017,1.2746087344388686
139.68,0.561,1.882,0.017,1.4793857936081771
139.69,0.556,1.811,0.016,1.147819523434363
139.7,0.593,1.541,0.019,1.3954353421966121
139.7,0.574,1.791,0.017,1.2278397899556988
139.71,0.55,1.925,0.015,1.1459842857757003
139.72,0.53,1.748,0.019,1.0752092814319676
139.73,0.576,1.775,0.017,1.0141946848277108
139.73,0.516,1.976,0.017,1.2292371801918243
139.73,0.5,1.74,0.019,1.1197961251147313
139.75,0.567,1.776,0.017,1.083604394852609
139.75,0.557,1.95,0.018,1.2859599839629419
139.75,0.508,1.626,0.015,1.2332304526670224
139.75,0.577,1.572,0.015,1.3844556116888926
139.76,0.588,1.781,0.018,1.0924665949123278
139.76,0.565,1.726,0.016,1.150115926844399
139.77,0.571,1.823,0.019,1.3911490879286847
139.77,0.516,1.555,0.017,1.0742000947294688
139.78,0.528,1.543,0.015,1.1843425459043586
139.78,0.558,1.695,0.015,1.2962997300657402
139.79,0.584,1.85,0.016,1.1232271849457032
139.79,0.539,1.718,0.017,1.405530504601077
139.79,0.577,1.888,0.019,1.3702279734730367
139.8,0.579,1.984,0.017,1.138232555967182
139.81,0.541,1.704,0.018,1.4784546794203353
139.81,0.547,1.791,0.015,1.043686188224728
139.81,0.553,1.899,0.016,1.2113948264994532
139.81,0.584,1.867,0.018,1.3251680474781615
139.81,0.507,1.658,0.017,1.384061703216809
139.81,0.583,1.854,0.017,1.103370373698833
139.82,0.555,1.989,0.016,1.1848438667213457
139.82,0.509,1.86,0.016,1.1573320884554583
139.82,0.513,1.921,0.018,1.2576937943461193
139.82,0.577,1.99,0.016,1.0790421792265765
139.83,0.549,1.705,0.015,1.3608425918950948
139.83,0.522,1.958,0.016,1.4403464292307335
139.83,0.599,1.578,0.016,1.3976698657737312
139.83,0.573,1.969,0.019,1.0246602360621515
139.84,0.593,1.547,0.016,1.4983980316626568
139.84,0.569,1.805,0.017,1.2342253667914256
139.85,0.564,1.707,0.017,1.133045115866818
139.85,0.581,1.877,0.016,1.2765873941670323
139.86,0.579,1.603,0.016,1.2440932371570157
139.86,0.572,1.719,0.019,1.4220726946407942
139.86,0.547,1.505,0.018,1.1623342240973948
139.87,0.543,1.563,0.015,1.2511914755773832
139.88,0.55,1.783,0.017,1.3730520460404227
139.89,0.538,1.904,0.019,1.458465446729559
139.89,0.588,1.976,0.015,1.1210066308979234
139.89,0.554,1.72,0.018,1.3068804561150311
139.89,0.538,1.741,0.018,1.007681505646266
139.9,0.564,1.982,0.016,1.0290157954098538
139.91,0.576,1.686,0.015,1.415942256973946
139.91,0.535,1.538,0.016,1.411720764517706
139.92,0.564,1.943,0.015,1.0821472684998232
139.92,0.53,1.627,0.016,1.0316570899221402
139.93,0.526,1.637,0.018,1.4915784106780512
139.94,0.505,1.531,0.018,1.0744656079439285
139.94,0.559,1.618,0.018,1.1786994912119308
139.95,0.503,1.98,0.015,1.063865354471766
139.95,0.597,1.677,0.019,1.3486417274426152
139.96,0.558,1.81,0.017,1.4356315466831915
139.97,0.591,1.65,0.015,1.0465001381206596
139.97,0.55,1.936,0.015,1.07382198339757
139.97,0.557,1.743,0.016,1.3217968164593417
139.98,0.528,1.828,0.015,1.4123875097903629
139.98,0.524,1.535,0.016,1.3075186621473258
139.98,0.511,1.864,0.015,1.4920158425958037
139.99,0.593,1.955,0.018,1.1544203282351275
140.0,0.591,1.68,0.018,1.225576468400169
140.0,0.528,1.647,0.015,1.3620255705716675
140.01,0.579,1.863,0.015,1.0608709174580246
140.01,0.594,1.729,0.019,1.3854041240768047
140.01,0.519,1.647,0.017,1.4828882648671742
140.03,0.559,1.828,0.019,1.4828808824982582
140.03,0.537,1.914,0.015,1.3003008917580487
140.03,0.52,1.981,0.019,1.1108284123850372
140.04,0.59,1.542,0.019,1.0002714177060037
140.05,0.557,1.784,0.015,1.230186343018134
140.05,0.52,1.837,0.019,1.4727485144541332
140.05,0.546,1.673,0.015,1.2600095541203273
140.05,0.531,1.654,0.017,1.2267257361571458
140.06,0.587,1.801,0.016,1.4490398877763444
140.06,0.581,1.786,0.017,1.3963389255137764
140.07,0.582,1.534,0.017,1.4380583181895479
140.07,0.512,1.986,0.019,1.476070006436345
140.07,0.528,1.843,0.015,1.4617648215112258
140.07,0.59,1.851,0.018,1.2044385993348574
140.07,0.512,1.781,0.016,1.1558494304787752
140.08,0.516,1.992,0.015,1.2659745852892326
140.09,0.567,1.751,0.017,1.2711402279781632
140.09,0.587,1.738,0.016,1.4777914568855854
140.09,0.524,1.863,0.016,1.466388096887121
140.1,0.529,1.922,0.019,1.442187183330727
140.1,0.597,1.54,0.016,1.1857401442371271
140.1,0.544,1.782,0.018,1.4654707459624263
140.1,0.572,1.602,0.017,1.0448801486237724
140.11,0.558,1.526,0.019,1.1814219563942192
140.12,0.51,1.909,0.015,1.3040093897207896
140.12,0.573,1.863,0.016,1.3827517264684808
140.12,0.594,1.575,0.017,1.25056130079293
140.13,0.539,1.771,0.019,1.4005333418564576
140.16,0.599,1.667,0.016,1.2271240208982204
140.17,0.563,1.935,0.018,1.213155356536068
140.17,0.552,1.716,0.017,1.0984888891123634
140.18,0.548,1.665,0.018,1.4867418622893687
140.18,0.51,1.714,0.015,1.1038741380505201
140.18,0.5,1.749,0.015,1.1529867546785655
140.19,0.548,1.893,0.016,1.3967795258324882
140.19,0.513,1.666,0.015,1.3131975545291894
140.19,0.534,1.529,0.015,1.46590847027847
140.2,0.572,1.809,0.018,1.4513320204638362
140.21,0.517,1.66,0.018,1.0429603260322056
140.21,0.504,1.755,0.017,1.399097545422522
140.21,0.558,1.917,0.015,1.2135527129770431
140.21,0.595,1.589,0.016,1.457204414067796
140.22,0.529,1.799,0.018,1.4996777114974187
140.23,0.548,1.811,0.019,1.430603668224209
140.23,0.505,1.508,0.017,1.236574817556976
140.23,0.552,1.734,0.018,1.334751676083247
140.23,0.504,1.941,0.019,1.3749886539898242
140.24,0.516,1.88,0.019,1.0207734802160882
140.25,0.562,1.712,0.019,1.0041227269481068
140.25,0.508,1.54,0.015,1.3207957340578818
140.25,0.519,1.621,0.019,1.064814414863607
140.25,0.517,1.84,0.015,1.0616380902741636
140.26,0.542,1.832,0.018,1.4880566827226238
140.28,0.559,1.702,0.015,1.0872149977819854
140.31,0.59,1.769,0.015,1.2310760155122575
140.32,0.569,1.923,0.017,1.3674229489256766
140.32,0.559,1.761,0.018,1.394339560999018
140.32,0.546,1.993,0.018,1.3725015360791095
140.34,0.538,1.935,0.016,1.4880157788808965
140.34,0.582,1.55,0.019,1.0037900064509797
140.34,0.531,1.771,0.015,1.0105506064750898
140.34,0.568,1.695,0.015,1.3345678572723982
140.35,0.569,1.572,0.017,1.1471226073018297
140.35,0.537,1.826,0.017,1.0630750419658554
140.35,0.598,1.901,0.016,1.421948646133797
140.37,0.565,1.504,0.016,1.0361118921824666
140.37,0.506,1.657,0.015,1.112800912120854
140.38,0.54,1.928,0.018,1.3589520753775617
140.38,0.559,1.891,0.016,1.2676048929118706
140.38,0.522,1.821,0.019,1.2296319197478445
140.38,0.565,1.549,0.019,1.1992986458979524
140.39,0.51,1.566,0.015,1.4919884894141362
140.39,0.516,1.602,0.018,1.4000993730239006
140.4,0.519,1.84,0.017,1.4387256547858358
140.4,0.523,1.917,0.017,1.3899939267070858
140.41,0.541,1.643,0.015,1.4575643137241172
140.41,0.556,1.876,0.015,1.1825786704477472
140.41,0.539,1.526,0.017,1.395294862969637
140.41,0.521,1.866,0.016,1.1208734818446953
140.41,0.553,1.743,0.017,1.473946564262688
140.42,0.543,1.917,0.018,1.174106320316341
140.42,0.528,1.71,0.017,1.3510327004337341
140.42,0.519,1.507,0.016,1.0741493825995945
140.42,0.525,1.764,0.019,1.1534903417924882
140.42,0.504,1.568,0.017,1.4654508212551765
140.43,0.591,1.775,0.016,1.1573542046139562
140.43,0.556,1.849,0.017,1.4709773550900276
140.44,0.576,1.955,0.018,1.0054915755374134
140.44,0.594,1.962,0.018,1.4446075572261847
140.45,0.502,1.891,0.018,1.087350766589346
140.45,0.549,1.792,0.019,1.4564195104118958
140.45,0.517,1.877,0.019,1.1307963995534376
140.46,0.585,1.512,0.019,1.3758835412571044
140.46,0.555,1.747,0.017,1.489631098344208
140.48,0.529,1.819,0.015,1.128822704827987
140.48,0.512,1.696,0.017,1.3299627460190582
140.48,0.58,1.693,0.016,1.1147802322920772
140.49,0.534,1.696,0.019,1.2346582165814417
140.5,0.565,1.684,0.018,1.1112477170065396
140.51,0.571,1.984,0.017,1.1019021571213607
140.51,0.509,1.879,0.018,1.4308326883201459
140.51,0.553,1.665,0.019,1.336444467607019
140.52,0.511,1.859,0.016,1.300415584388213
140.52,0.581,1.908,0.016,1.0107819440655672
140.52,0.563,1.884,0.018,1.1670554351337437
140.52,0.541,1.509,0.017,1.0648274857010758
140.52,0.503,1.869,0.017,1.2195057712810773
140.53,0.505,1.939,0.015,1.3802838035568477
140.55,0.597,1.66,0.018,1.170302077628668
140.55,0.55,1.737,0.018,1.4652946248905936
140.55,0.551,1.512,0.019,1.1141170105825782
140.56,0.53,1.838,0.018,1.1326446484364123
140.56,0.551,1.929,0.015,1.490865473989319
140.58,0.539,1.82,0.019,1.371612550919191
140.59,0.546,1.705,0.019,1.1758997364795607
140.59,0.505,1.763,0.015,1.0134260672033522
140.59,0.536,1.514,0.017,1.4828732394961952
140.6,0.577,1.726,0.018,1.05757422462269
140.6,0.539,1.834,0.015,1.2351982639255465
140.62,0.554,1.846,0.019,1.3769525696347427
140.63,0.511,1.923,0.017,1.4512465660339569
140.63,0.586,1.585,0.018,1.4917921336761852
140.63,0.591,1.511,0.016,1.197314983719086
140.63,0.555,1.808,0.019,1.0597228187289476
140.64,0.567,1.631,0.018,1.4388816130286262
140.64,0.569,1.572,0.015,1.3923901356540047
140.65,0.569,1.935,0.019,1.0237678465345081
140.65,0.523,1.959,0.018,1.235558696408959
140.65,0.531,1.842,0.017,1.4469785228128962
140.66,0.539,1.541,0.017,1.415284448508057
140.66,0.554,1.739,0.015,1.259042391317875
140.66,0.589,1.605,0.015,1.0049319191646762
140.67,0.518,1.605,0.015,1.0543722568384408
140.67,0.546,1.73,0.019,1.489229257331739
140.67,0.543,1.97,0.015,1.4040330650854371
140.68,0.57,1.837,0.015,1.1664668452500686
140.7,0.577,1.567,0.015,1.423636342162427
140.7,0.596,1.544,0.015,1.0915386207855924
140.7,0.525,1.897,0.015,1.1422051836769698
140.7,0.596,1.934,0.019,1.0280354537411733
140.7,0.55,1.837,0.017,1.4242000705364941
140.7,0.522,1.716,0.018,1.1938776094749517
140.71,0.533,1.782,0.019,1.268942992580255
140.71,0.575,1.671,0.015,1.1523738044646779
140.71,0.502,1.675,0.018,1.0384684511783093
140.71,0.526,1.735,0.019,1.1510150629284501
140.72,0.561,1.658,0.018,1.279108744437422
140.73,0.521,1.518,0.018,1.4192598351725887
140.73,0.535,1.867,0.018,1.2043195661215123
140.75,0.5,1.855,0.019,1.075657504481591
140.76,0.548,1.677,0.019,1.0572902268591104
140.76,0.512,1.635,0.015,1.3447202222208006
140.77,0.55,1.806,0.015,1.145841625077968
140.77,0.509,1.961,0.019,1.4859278050274074
140.77,0.599,1.942,0.018,1.3434322011421325
140.77,0.525,1.758,0.016,1.345001735976454
140.78,0.586,1.524,0.015,1.4184445751872312
140.78,0.567,1.634,0.016,1.303666321577891
140.79,0.545,1.904,0.019,1.2553274129655314
140.79,0.565,1.587,0.015,1.0383663383717852
140.79,0.583,1.696,0.018,1.1953372830823672
140.79,0.55,1.896,0.017,1.2954763212637261
140.79,0.53,1.933,0.018,1.4579131633880127
140.8,0.592,1.699,0.015,1.2626696896028533
140.8,0.534,1.638,0.019,1.2529056168172241
140.8,0.568,1.528,0.017,1.2724547399175385
140.81,0.55,1.525,0.018,1.295444611561003
140.81,0.54,1.922,0.016,1.4163558618765992
140.81,0.556,1.751,0.018,1.1708930032473368
140.82,0.555,1.975,0.015,1.2615581640066353
140.82,0.533,1.658,0.019,1.080691251227707
140.84,0.519,1.619,0.015,1.1503661884108576
140.84,0.578,1.855,0.015,1.452960437748199
140.84,0.576,1.791,0.019,1.1164256139593547
140.84,0.572,1.793,0.019,1.188942092542737
140.84,0.524,1.621,0.016,1.3472263444047279
140.85,0.573,1.791,0.018,1.2671343067940128
140.85,0.555,1.868,0.016,1.4090209566016136
140.85,0.588,1.772,0.019,1.0582000133727516
140.85,0.593,1.576,0.017,1.047769789298317
140.86,0.586,1.754,0.018,1.1540908009430053
140.88,0.513,1.842,0.018,1.1918447861765542
140.89,0.587,1.793,0.018,1.1716557533480914
140.9,0.519,1.881,0.018,1.4372794335060597
140.9,0.504,1.96,0.019,1.073219510378871
140.9,0.594,1.853,0.018,1.126250482671433
140.91,0.582,1.888,0.019,1.2882635905845947
140.91,0.532,1.937,0.019,1.0611262363631098
140.93,0.528,1.676,0.019,1.108375099573672
140.94,0.531,1.957,0.016,1.012092678019442
140.95,0.594,1.745,0.016,1.442641669528998
140.95,0.581,1.725,0.018,1.32903664727727
140.95,0.542,1.55,0.017,1.1055070029354856
140.95,0.549,1.665,0.015,1.1769651573680624
140.95,0.595,1.684,0.015,1.0667855703822413
140.95,0.565,1.661,0.017,1.2511193418918085
140.96,0.543,1.929,0.018,1.4387162365467467
140.96,0.526,1.593,0.019,1.1214622565487313
140.97,0.574,1.916,0.018,1.4165182134300025
140.98,0.532,1.734,0.016,1.3823561558107298
140.98,0.591,1.713,0.018,1.3347964959037268
140.98,0.526,1.571,0.019,1.1563193188990963
140.99,0.589,1.698,0.019,1.0515769000531
141.0,0.52,1.948,0.017,1.0491765077371538
141.0,0.518,1.755,0.017,1.2345663762655021
141.0,0.549,1.869,0.015,1.1135094339390723
141.01,0.531,1.512,0.017,1.4254252351306358
141.02,0.577,1.767,0.015,1.410744061929603
141.03,0.508,1.904,0.015,1.0646786431390314
141.05,0.531,1.853,0.016,1.3047996515658913
141.06,0.563,1.626,0.017,1.3873230415352364
141.06,0.518,1.905,0.015,1.4911472966054935
141.06,0.575,1.834,0.019,1.4285835625540977
141.08,0.592,1.84,0.019,1.4422265795618097
141.08,0.586,1.865,0.016,1.1201561315274031
141.09,0.509,1.87,0.016,1.2272109953207733
141.1,0.507,1.714,0.018,1.4402598174775292
141.11,0.597,1.518,0.018,1.3978315769273941
141.11,0.501,1.674,0.018,1.0094191141159088
141.12,0.512,1.539,0.017,1.4317773642599378
141.12,0.502,1.692,0.017,1.4938076878891897
141.12,0.596,1.501,0.015,1.4984570858459003
141.13,0.54,1.646,0.015,1.4765763696830565
141.14,0.567,1.84,0.019,1.125254817931066
141.14,0.57,1.551,0.017,1.0584701039886735
141.14,0.538,1.616,0.017,1.0358492642290238
141.15,0.584,1.626,0.019,1.4522229666041935
141.16,0.559,1.966,0.017,1.0246693449296025
141.16,0.519,1.54,0.015,1.3693783487575264
141.16,0.554,1.712,0.016,1.3726692322695693
141.16,0.571,1.669,0.015,1.2537596812498963
141.17,0.51,1.759,0.017,1.074191503970514
141.19,0.53,1.69,0.018,1.1143939396935187
141.19,0.582,1.573,0.019,1.3555393698345206
141.2,0.547,1.701,0.016,1.0406687089287012
141.21,0.564,1.808,0.017,1.2254838801619492
141.21,0.583,1.946,0.019,1.1074847822746958
141.21,0.579,1.625,0.016,1.406036824171548
141.21,0.526,1.775,0.016,1.4582228352850195
141.22,0.554,1.972,0.017,1.1230574885095237
141.23,0.524,1.946,0.018,1.0786714223136378
141.23,0.591,1.612,0.018,1.0022230574573148
141.23,0.567,1.904,0.016,1.400439175670139
141.25,0.585,1.741,0.019,1.3299706061232208
141.25,0.526,1.875,0.016,1.2481809399261916
141.25,0.564,1.649,0.018,1.240717737711678
141.26,0.59,1.643,0.019,1.273884941265061
141.26,0.502,1.947,0.017,1.0426378554466906
141.28,0.514,1.844,0.016,1.2795184614311816
141.28,0.502,1.537,0.018,1.214591463108368
141.29,0.54,1.628,0.019,1.0168352142903494
141.29,0.596,1.525,0.016,1.3733051638974776
141.33,0.503,1.796,0.015,1.4064572782901994
141.33,0.543,1.562,0.015,1.192791220712092
141.34,0.547,1.634,0.016,1.2232165794630618
141.34,0.505,1.755,0.016,1.3274446144238823
141.35,0.523,1.606,0.015,1.433122819591897
141.35,0.566,1.965,0.016,1.176598845888727
141.35,0.574,1.846,0.019,1.065360604376178
141.36,0.59,1.503,0.015,1.452250076098886
141.36,0.505,1.726,0.018,1.1587556380264572
141.37,0.507,1.526,0.015,1.1685266781733081
141.37,0.506,1.596,0.019,1.2737430551601006
141.38,0.572,1.785,0.016,1.1033740043993174
141.38,0.577,1.798,0.018,1.010465430811402
141.38,0.553,1.595,0.017,1.448765335663511
141.4,0.585,1.594,0.016,1.4883370931860662
141.4,0.505,1.518,0.015,1.1249183789429407
141.4,0.557,1.796,0.016,1.3693345856804657
141.41,0.526,1.517,0.018,1.426029104452804
141.41,0.575,1.766,0.015,1.06588534648169
141.43,0.505,1.81,0.019,1.0765540242619853
141.43,0.579,1.927,0.016,1.3689657878511818
141.43,0.59,1.53,0.018,1.4161019362216651
141.44,0.529,1.965,0.018,1.4782944894221848
141.44,0.521,1.827,0.015,1.3378992882203442
141.44,0.585,1.859,0.018,1.4586315315747986
141.46,0.506,1.676,0.019,1.2643250778416608
141.46,0.596,1.955,0.016,1.091354839092116
141.47,0.592,1.686,0.019,1.1043135522553065
141.47,0.568,1.576,0.017,1.0172258945592079
141.47,0.509,1.721,0.019,1.2453977937834102
141.47,0.54,1.626,0.015,1.48077837777199
141.48,0.534,1.513,0.016,1.4944637994481753
141.49,0.5,1.708,0.018,1.0183190710649528
141.5,0.553,1.852,0.019,1.0492789973917345
141.5,0.545,1.831,0.015,1.0613722751130323
141.5,0.535,1.965,0.016,1.4149872402691546
141.51,0.593,1.553,0.018,1.211754663034551
141.52,0.584,1.912,0.017,1.2283794115492876
141.52,0.536,1.579,0.017,1.2630467239063297
141.52,0.576,1.811,0.018,1.1525324450714243
141.53,0.545,1.782,0.017,1.4190965659335744
141.53,0.592,1.874,0.019,1.2466805758569524
141.53,0.582,1.654,0.018,1.4577444513686015
141.53,0.55,1.503,0.015,1.4750055906553277
141.53,0.531,1.742,0.017,1.4523940388898948
141.54,0.563,1.685,0.017,1.3712658502495845
141.54,0.575,1.628,0.015,1.3853375668814631
141.54,0.597,1.737,0.019,1.0250216259374956
141.54,0.544,1.548,0.017,1.4729351792394938
141.54,0.516,1.804,0.018,1.3701017907424473
141.55,0.556,1.636,0.019,1.2497155292621192
141.57,0.525,1.848,0.016,1.4188664113500393
141.58,0.598,1.912,0.018,1.1508166289641926
141.59,0.545,1.973,0.017,1.1657249422125577
141.59,0.538,1.793,0.018,1.080474500769339
141.59,0.596,1.93,0.015,1.375169725114588
141.6,0.526,1.577,0.015,1.4681651659177912
141.6,0.507,1.906,0.019,1.4796664809987972
141.61,0.588,1.908,0.018,1.4802700604063401
141.61,0.533,1.605,0.015,1.247716892963138
141.61,0.57,1.669,0.018,1.071718911065835
141.62,0.512,1.959,0.017,1.4918580883176062
141.62,0.544,1.777,0.015,1.198491223218265
141.63,0.529,1.71,0.017,1.3968308073385864
141.64,0.59,1.836,0.016,1.2004155321225167
141.64,0.562,1.541,0.016,1.2729188095707702
141.65,0.567,1.747,0.017,1.0004491337105899
141.65,0.571,1.636,0.015,1.114308061399498
141.66,0.569,1.944,0.019,1.2287182252478088
141.66,0.513,1.955,0.016,1.4641590472663797
141.66,0.566,1.611,0.015,1.3144682179315121
141.67,0.519,1.89,0.018,1.0886256279217865
141.67,0.594,1.696,0.019,1.367487574354645
141.67,0.543,1.881,0.019,1.1134438666484898
141.67,0.515,1.556,0.015,1.0363561789599962
141.68,0.515,1.827,0.015,1.3760320799289358
141.68,0.534,1.743,0.019,1.0416156332279396
141.7,0.576,1.607,0.015,1.1534838660520936
141.7,0.556,1.542,0.019,1.4160938052670495
141.7,0.515,1.926,0.016,1.0007443498781239
141.71,0.516,1.5,0.018,1.1272011612354302
141.72,0.595,1.676,0.019,1.2976254470208781
141.72,0.552,1.606,0.017,1.2324865594337053
141.72,0.55,1.693,0.018,1.1106619653931693
141.73,0.556,1.69,0.016,1.0218390524542311
141.73,0.557,1.514,0.015,1.3583347955455882
141.73,0.556,1.606,0.019,1.455878064099342
141.73,0.558,1.877,0.017,1.4038507189574627
141.74,0.568,1.723,0.016,1.1072604832322988
141.75,0.563,1.542,0.017,1.425275399435199
141.76,0.52,1.698,0.019,1.4861005865094272
141.76,0.522,1.941,0.018,1.0080848956483994
141.76,0.529,1.943,0.019,1.4346525930826832
141.77,0.532,1.951,0.016,1.0464033542117595
141.77,0.557,1.505,0.017,1.0418084444737687
141.77,0.506,1.63,0.017,1.1182412593060478
141.78,0.538,1.966,0.017,1.3239462930109334
141.78,0.506,1.913,0.018,1.0089944030930418
141.78,0.597,1.691,0.019,1.2281352394453315
141.79,0.538,1.524,0.017,1.140684815322704
141.79,0.5,1.94,0.019,1.0686172178702071
141.8,0.576,1.771,0.019,1.2932411064738067
141.8,0.575,1.786,0.016,1.218179644586331
141.8,0.568,1.683,0.016,1.1111920844006704
141.8,0.56,1.985,0.019,1.1829974128345744
141.81,0.599,1.61,0.018,1.1859621086497216
141.81,0.555,1.588,0.016,1.1524807756278441
141.81,0.532,1.536,0.016,1.1948457591708925
141.81,0.533,1.858,0.017,1.004789362361655
141.81,0.54,1.684,0.017,1.473580100070794
141.81,0.515,1.888,0.015,1.233173964548696
141.82,0.544,1.939,0.019,1.3190514464137184
141.82,0.545,1.526,0.019,1.3542600791384598
141.82,0.524,1.671,0.015,1.4513595392547527
141.83,0.52,1.596,0.017,1.113262997198242
141.83,0.515,1.631,0.018,1.3339331618871908
141.83,0.515,1.845,0.019,1.2353512716309552
141.85,0.554,1.676,0.018,1.4266824124407984
141.86,0.504,1.898,0.017,1.0945350354460148
141.86,0.534,1.63,0.018,1.2295117869842163
141.86,0.539,1.944,0.018,1.2326646059778303
141.87,0.566,1.871,0.018,1.3212691796629232
141.87,0.513,1.906,0.018,1.0124151787004496
141.88,0.549,1.752,0.015,1.1904837461482738
141.88,0.559,1.955,0.018,1.3075899475550297
141.89,0.584,1.598,0.019,1.295916714375209
141.89,0.545,1.553,0.015,1.1662661339855704
141.9,0.573,1.906,0.016,1.121747873795149
141.9,0.526,1.52,0.016,1.3766726662524422
141.9,0.501,1.823,0.016,1.1417172252806784
141.93,0.531,1.581,0.017,1.313058137669412
141.94,0.528,1.989,0.017,1.1416248839811636
141.94,0.568,1.589,0.015,1.2701486029522826
141.94,0.548,1.764,0.016,1.0071413234178355
141.95,0.553,1.804,0.015,1.0037003519831593
141.95,0.541,1.815,0.018,1.4413635015020136
141.95,0.549,1.639,0.015,1.4498376793400847
141.96,0.598,1.97,0.018,1.0915753016072767
141.96,0.543,1.745,0.016,1.3809268589837682
141.97,0.567,1.842,0.018,1.1713092327572756
141.98,0.572,1.885,0.015,1.2086835052628522
141.98,0.569,1.503,0.019,1.3869153538330392
142.0,0.579,1.77,0.017,1.1858867579948111
142.01,0.52,1.756,0.016,1.1815676649193665
142.01,0.561,1.852,0.018,1.0030566268721954
142.02,0.595,1.519,0.016,1.0999326272641714
142.02,0.548,1.511,0.019,1.392472180944412
142.03,0.543,1.668,0.015,1.4154085684057232
142.03,0.572,1.895,0.017,1.4461578921318217
142.05,0.596,1.564,0.017,1.444348247148438
142.05,0.512,1.602,0.019,1.0493745394850862
142.06,0.577,1.913,0.017,1.2100225490904646
142.06,0.539,1.578,0.019,1.4894730946888053
142.06,0.53,1.93,0.016,1.2528788977988057
142.06,0.566,1.987,0.018,1.1910741133344627
142.07,0.543,1.932,0.015,1.46038598095139
142.09,0.526,1.865,0.015,1.2216665881922615
142.09,0.575,1.809,0.018,1.4291741104813072
142.09,0.583,1.71,0.018,1.1039758162400464
142.1,0.596,1.706,0.016,1.4927804200069383
142.11,0.53,1.805,0.019,1.0006239157549741
142.11,0.514,1.585,0.019,1.2273891935382877
142.11,0.528,1.882,0.019,1.3213170660375178
142.13,0.564,1.771,0.015,1.2093802473697206
142.13,0.541,1.825,0.016,1.428694520526992
142.13,0.543,1.698,0.016,1.023526071357816
142.13,0.585,1.706,0.016,1.3951510431522345
142.14,0.59,1.723,0.015,1.2349468218702677
142.15,0.565,1.809,0.015,1.4842613891348706
142.16,0.558,1.556,0.017,1.3299814662112115
142.16,0.506,1.733,0.016,1.1946152281244928
142.17,0.568,1.563,0.017,1.4164427119226644
142.18,0.512,1.511,0.019,1.3634043020664324
142.19,0.525,1.579,0.017,1.2712535777657255
142.19,0.595,1.595,0.015,1.483028588062116
142.19,0.585,1.648,0.017,1.3989488163694472
142.2,0.563,1.659,0.017,1.4248862392561334
142.2,0.579,1.818,0.019,1.3385935888002218
142.21,0.549,1.509,0.019,1.40418043555415
142.23,0.575,1.541,0.016,1.0240204554486756
142.24,0.544,1.567,0.019,1.0293487143786815
142.24,0.594,1.784,0.017,1.0306790078180317
142.24,0.577,1.579,0.016,1.1277171955252587
142.25,0.507,1.771,0.019,1.2638587820880063
142.25,0.537,1.767,0.015,1.4742167797783607
142.25,0.561,1.722,0.019,1.0056190019653106
142.25,0.541,1.707,0.016,1.0140853690832663
142.26,0.522,1.822,0.017,1.1687231864488534
142.26,0.548,1.864,0.017,1.0967830915387615
142.27,0.546,1.825,0.015,1.0069523080327545
142.27,0.559,1.815,0.016,1.0312473832140636
142.27,0.565,1.916,0.015,1.0403772196860162
142.29,0.58,1.724,0.016,1.0401617758039299
142.29,0.5,1.941,0.018,1.0233249056181923
142.31,0.538,1.993,0.015,1.2396553648132647
142.31,0.564,1.533,0.015,1.3947243231871105
142.32,0.529,1.543,0.019,1.4817363639761976
142.32,0.559,1.653,0.016,1.3137871296316888
142.33,0.582,1.766,0.019,1.335967048398635
142.33,0.517,1.891,0.018,1.0773702669984777
142.33,0.577,1.951,0.019,1.4357415690449817
142.34,0.587,1.929,0.017,1.390768467423876
142.34,0.543,1.95,0.015,1.133937326764439
142.35,0.55,1.886,0.016,1.044412736833424
142.35,0.539,1.524,0.019,1.338510568724516
142.35,0.513,1.795,0.018,1.4223276369462086
142.35,0.563,1.959,0.019,1.3823310109038636
142.36,0.572,1.773,0.017,1.231585064891278
142.36,0.59,1.724,0.016,1.3811908548835834
142.36,0.588,1.64,0.015,1.2334005805447048
142.36,0.57,1.608,0.017,1.4811684745069926
142.36,0.564,1.595,0.018,1.1149081161010432
142.36,0.5,1.622,0.017,1.2918912368407611
142.37,0.575,1.572,0.017,1.1035015044387662
142.37,0.574,1.653,0.015,1.2469384071322798
142.38,0.563,1.672,0.018,1.2391924147851392
142.39,0.597,1.972,0.016,1.3649031972424277
142.4,0.501,1.518,0.016,1.358028660133084
142.42,0.548,1.917,0.019,1.498929895661607
142.42,0.556,1.933,0.016,1.3951035360434902
142.42,0.583,1.873,0.016,1.4225902436904165
142.42,0.5,1.775,0.019,1.2551936096658127
142.43,0.576,1.514,0.017,1.209270432829613
142.43,0.589,1.909,0.019,1.2476965450391633
142.43,0.509,1.527,0.015,1.282883125955385
142.43,0.558,1.617,0.017,1.4843684346899577
142.43,0.543,1.892,0.016,1.1992443031514588
142.44,0.539,1.747,0.015,1.1187273510706746
142.44,0.584,1.639,0.015,1.3572579266983746
142.44,0.524,1.61,0.019,1.4591221093116657
142.45,0.561,1.545,0.018,1.2503614141054484
142.46,0.592,1.947,0.018,1.0791090465970428
142.46,0.599,1.983,0.016,1.4388853317461798
142.47,0.546,1.605,0.019,1.4181300575252007
142.47,0.502,1.93,0.016,1.239289629343788
142.49,0.533,1.99,0.017,1.148561802554342
142.49,0.593,1.913,0.019,1.3004451335806921
142.49,0.518,1.666,0.017,1.4404595652576442
142.51,0.564,1.854,0.015,1.1703033413891106
142.51,0.531,1.827,0.019,1.2687604134851334
142.51,0.552,1.761,0.019,1.1272307572812692
142.53,0.582,1.977,0.018,1.4162171269456634
142.53,0.517,1.606,0.019,1.4430070506177644
142.54,0.509,1.962,0.016,1.0393790730302905
142.54,0.584,1.809,0.016,1.159685828084926
142.54,0.569,1.759,0.018,1.0881685907476566
142.55,0.523,1.585,0.017,1.3968874701096432
142.56,0.595,1.745,0.018,1.2940323909301714
142.56,0.597,1.631,0.017,1.415116231661232
142.57,0.508,1.715,0.018,1.460335891937484
142.57,0.543,1.907,0.018,1.444614850093167
142.57,0.599,1.974,0.017,1.0868863701595985
142.59,0.591,1.776,0.019,1.0571397541322023
142.59,0.518,1.858,0.016,1.0064515326774985
142.59,0.518,1.755,0.015,1.3188258646633653
142.6,0.553,1.927,0.016,1.274994769140269
142.61,0.576,1.624,0.019,1.3844898223009299
142.61,0.586,1.932,0.016,1.2905406133375685
142.61,0.593,1.656,0.016,1.0698719754151311
142.62,0.539,1.679,0.019,1.3491131736118294
142.62,0.558,1.908,0.015,1.1722005279491141
142.62,0.534,1.961,0.019,1.4304815920738456
142.62,0.515,1.994,0.019,1.0858989006999429
142.62,0.524,1.91,0.017,1.2085590272506788
142.63,0.554,1.538,0.018,1.030490163433555
142.64,0.52,1.524,0.017,1.4753241867797837
142.65,0.58,1.933,0.019,1.1340638001905008
142.66,0.585,1.935,0.019,1.350022015728717
142.66,0.553,1.853,0.015,1.4251772235159563
142.67,0.567,1.735,0.017,1.4814075160692426
142.67,0.594,1.986,0.015,1.2692792713056782
142.67,0.574,1.534,0.018,1.1384364284527213
142.69,0.531,1.568,0.016,1.3842970534766361
142.7,0.548,1.505,0.018,1.2757540135276588
142.7,0.531,1.722,0.018,1.00515654997521
142.71,0.511,1.798,0.019,1.2578935649733394
142.71,0.566,1.881,0.016,1.229572449993363
142.72,0.599,1.74,0.017,1.2405665524772451
142.73,0.507,1.995,0.015,1.3537525250558873
142.73,0.548,1.901,0.016,1.039777007579044
142.74,0.552,1.556,0.018,1.1758215784264316
142.74,0.527,1.758,0.019,1.1363661265907012
142.75,0.552,1.729,0.019,1.405010835674816
142.75,0.561,1.598,0.018,1.1801043055878273
142.75,0.514,1.708,0.017,1.4495151144653209
142.76,0.506,1.587,0.018,1.1619575152578536
142.76,0.508,1.99,0.018,1.1315182287550491
142.77,0.517,1.627,0.018,1.4487080148271767
142.78,0.5,1.678,0.017,1.1028140008517209
142.78,0.561,1.907,0.019,1.48848942337834
142.78,0.528,1.848,0.016,1.3933667032586607
142.8,0.518,1.55,0.017,1.1529885564209081
142.8,0.551,1.968,0.018,1.3639047734077274
142.81,0.506,1.606,0.018,1.4469018237554998
142.82,0.51,1.539,0.017,1.0901586694925083
142.82,0.54,1.898,0.018,1.1493668014394105
142.83,0.562,1.731,0.017,1.4287508256494021
142.83,0.504,1.605,0.019,1.2210380358890458
142.85,0.589,1.868,0.018,1.3528285193467395
142.86,0.523,1.888,0.018,1.0811651568661802
142.86,0.567,1.639,0.017,1.3639496912313083
142.86,0.55,1.524,0.016,1.1117688585444314
142.86,0.595,1.571,0.017,1.1454806826276036
142.86,0.539,1.859,0.017,1.2873286177402945
142.86,0.589,1.609,0.018,1.1915178000335676
142.87,0.574,1.776,0.017,1.0884472280923416
142.87,0.5,1.531,0.017,1.036584696454926
142.87,0.598,1.677,0.019,1.3197990895319949
142.87,0.503,1.741,0.016,1.1586354749522023
142.88,0.528,1.823,0.016,1.2580352901212861
142.88,0.584,1.906,0.017,1.066123952289056
142.9,0.594,1.926,0.018,1.1132189963223114
142.9,0.537,1.51,0.016,1.348270968460934
142.91,0.538,1.65,0.019,1.3303367162028668
142.92,0.591,1.677,0.019,1.325963282885078
142.92,0.536,1.855,0.016,1.011503991459096
142.92,0.592,1.831,0.019,1.420992784337359
142.93,0.555,1.617,0.017,1.361265822211607
142.93,0.516,1.732,0.015,1.1628608806289837
142.94,0.53,1.82,0.018,1.290133805897783
142.94,0.522,1.834,0.018,1.0836581808527832
142.94,0.542,1.57,0.018,1.3376696099296663
142.95,0.509,1.568,0.016,1.0593323177261376
142.96,0.507,1.936,0.018,1.4214449047931517
142.96,0.546,1.922,0.018,1.2784794178796948
142.97,0.559,1.956,0.018,1.3445603023132024
142.97,0.529,1.844,0.019,1.452732782882738
142.98,0.552,1.673,0.018,1.4373819842763127
142.99,0.503,1.743,0.019,1.4150800388366247
142.99,0.597,1.669,0.016,1.2103912755323403
143.0,0.584,1.665,0.016,1.2060120925494178
143.0,0.556,1.741,0.017,1.0419374761518079
143.01,0.509,1.907,0.016,1.1639855134762818
143.01,0.58,1.989,0.015,1.1816056059252653
143.01,0.59,1.827,0.016,1.4412305436030368
143.02,0.592,1.749,0.017,1.0447675154244096
143.02,0.59,1.641,0.018,1.3046096391785102
143.04,0.589,1.958,0.017,1.3635155593319017
143.04,0.582,1.628,0.015,1.198882553082718
143.05,0.593,1.742,0.015,1.4759874604682621
143.05,0.554,1.591,0.017,1.1364637285709853
143.05,0.578,1.678,0.016,1.1577209742847072
143.05,0.595,1.959,0.019,1.2949851326736272
143.06,0.548,1.74,0.015,1.3827169039301586
143.06,0.528,1.588,0.016,1.350095188084155
143.06,0.57,1.77,0.018,1.016144466812385
143.07,0.525,1.622,0.016,1.0969567478709608
143.07,0.578,1.918,0.018,1.2495193009147334
143.07,0.502,1.887,0.016,1.1066597984996331
143.08,0.579,1.824,0.015,1.1385937638651757
143.09,0.51,1.523,0.017,1.1161959169909568
143.09,0.596,1.732,0.018,1.1005807247550017
143.09,0.587,1.518,0.018,1.4007815351557837
143.09,0.571,1.738,0.015,1.0207560303775474
143.09,0.519,1.809,0.015,1.3748288723579845
143.1,0.534,1.552,0.015,1.35151996074979
143.11,0.528,1.938,0.015,1.3157110916223271
143.11,0.506,1.709,0.016,1.135214698406973
143.11,0.553,1.893,0.017,1.3376897420710652
143.12,0.553,1.63,0.015,1.3632089002699028
143.12,0.567,1.544,0.019,1.3037614516372689
143.13,0.51,1.921,0.016,1.1276433808676993
143.13,0.577,1.764,0.017,1.332318819279142
143.14,0.591,1.53,0.019,1.0623375511140218
143.15,0.54,1.609,0.018,1.2903668057327824
143.15,0.542,1.654,0.018,1.0858759633041881
143.15,0.511,1.958,0.018,1.326777404211831
143.15,0.548,1.972,0.019,1.1600998004769754
143.16,0.566,1.864,0.018,1.33064084113322
143.16,0.571,1.864,0.016,1.115831207685511
143.17,0.562,1.64,0.016,1.2841059592152968
143.17,0.545,1.661,0.018,1.1869519703589764
143.18,0.507,1.737,0.015,1.0422726907622544
143.18,0.531,1.678,0.016,1.1138903899523442
143.18,0.523,1.651,0.019,1.0225730566944227
143.19,0.565,1.691,0.015,1.3829358027527237
143.19,0.5,1.786,0.015,1.3431150310112983
143.19,0.586,1.549,0.016,1.328241848727838
143.2,0.58,1.944,0.016,1.2920239324820364
143.21,0.571,1.945,0.019,1.0734441823268033
143.21,0.547,1.805,0.018,1.2786379291523
143.21,0.509,1.688,0.018,1.2899116450502603
143.21,0.515,1.736,0.016,1.310820960872056
143.23,0.564,1.758,0.017,1.4126448675733119
143.23,0.579,1.72,0.015,1.3121158116181997
143.24,0.579,1.659,0.016,1.296050820155634
143.24,0.55,1.777,0.017,1.0227448337986342
143.24,0.513,1.794,0.017,1.1270788941010832
143.24,0.561,1.685,0.016,1.0542211512119528
143.25,0.506,1.627,0.015,1.1395799931613473
143.26,0.543,1.861,0.016,1.1661463209483953
143.26,0.565,1.726,0.017,1.4952628097965173
143.27,0.531,1.749,0.016,1.4894975621554982
143.27,0.546,1.658,0.015,1.2588621379209797
143.27,0.58,1.619,0.017,1.1676742042753734
143.27,0.518,1.98,0.019,1.0793466937087626
143.28,0.594,1.513,0.019,1.3007285725614004
143.28,0.545,1.623,0.015,1.4369411780769483
143.28,0.579,1.911,0.015,1.2941655757142025
143.29,0.569,1.962,0.015,1.214425821832302
143.29,0.507,1.87,0.016,1.200009358235996
143.31,0.574,1.766,0.017,1.400940311115871
143.31,0.54,1.833,0.016,1.0678971713992431
143.33,0.597,1.939,0.015,1.0466418399231117
143.34,0.565,1.901,0.015,1.3962095691872372
143.35,0.571,1.968,0.019,1.1931895054582924
143.35,0.544,1.609,0.018,1.2716103525174305
143.35,0.525,1.744,0.019,1.398909329082157
143.35,0.598,1.92,0.017,1.4365950569608574
143.35,0.521,1.995,0.017,1.34720202190762
143.35,0.577,1.574,0.018,1.4598051147016498
143.36,0.562,1.767,0.016,1.053291524506371
143.36,0.563,1.579,0.018,1.0138590017259055
143.36,0.583,1.618,0.015,1.2741213840914338
143.38,0.593,1.728,0.016,1.110293620700001
143.39,0.507,1.677,0.019,1.0865428052510553
143.39,0.572,1.797,0.017,1.4326217231283582
143.4,0.559,1.967,0.017,1.1738815556449111
143.4,0.589,1.543,0.017,1.0609626654013686
143.4,0.503,1.734,0.016,1.494937367945279
143.41,0.542,1.634,0.018,1.077047303212305
143.41,0.59,1.918,0.017,1.063608584873403
143.43,0.58,1.799,0.015,1.215712842054376
143.44,0.586,1.677,0.017,1.1717961533235526
143.45,0.589,1.781,0.019,1.4125974079627288
143.45,0.536,1.964,0.015,1.3449755590663233
143.45,0.513,1.902,0.015,1.0912794403204717
143.46,0.598,1.999,0.015,1.325961573371407
143.46,0.505,1.982,0.018,1.4646105221374064
143.46,0.578,1.617,0.018,1.1784266482468648
143.46,0.562,1.505,0.017,1.4392037572966243
143.46,0.554,1.848,0.017,1.4923433416518535
143.47,0.587,1.65,0.017,1.0353845805992878
143.47,0.57,1.928,0.017,1.3767357121185522
143.47,0.563,1.956,0.016,1.308320287911172
143.49,0.588,1.554,0.017,1.460922528962449
143.5,0.581,1.641,0.017,1.164564293390712
143.51,0.595,1.879,0.018,1.402270429433972
143.52,0.523,1.835,0.019,1.4120019260583077
143.53,0.591,1.627,0.019,1.0574227319069953
143.54,0.562,1.809,0.016,1.0686831993264239
143.54,0.514,1.849,0.017,1.2871787532385712
143.55,0.565,1.586,0.018,1.448671259354333
143.56,0.529,1.514,0.019,1.1178825305823243
143.56,0.539,1.786,0.015,1.344861048612716
143.57,0.537,1.933,0.019,1.029425507998106
143.57,0.595,1.951,0.017,1.2889155059782058
143.58,0.589,1.958,0.016,1.4516743776305403
143.58,0.515,1.968,0.015,1.191706472640552
143.6,0.516,1.641,0.015,1.0490165457008769
143.6,0.525,1.554,0.017,1.4959100401504641
143.6,0.587,1.53,0.015,1.4052964240141994
143.6,0.575,1.538,0.016,1.066420794814341
143.6,0.598,1.705,0.016,1.4704058076161648
143.61,0.509,1.949,0.016,1.408871673692201
143.62,0.567,1.67,0.018,1.4592338399362144
143.64,0.501,1.605,0.018,1.2199727240577891
143.65,0.505,1.693,0.019,1.0941810731785182
143.65,0.511,1.921,0.019,1.1133754681459738
143.66,0.522,1.87,0.019,1.3959723515307814
143.66,0.518,1.832,0.016,1.353864560886432
143.67,0.526,1.788,0.018,1.0231533834659219
143.68,0.532,1.998,0.018,1.4736942872702201
143.68,0.541,1.698,0.019,1.3840832500671671
143.68,0.537,1.644,0.019,1.427341693297568
143.68,0.588,1.805,0.017,1.0946475012902703
143.69,0.561,1.522,0.017,1.4383725193064563
143.7,0.548,1.626,0.016,1.1455185143985631
143.7,0.584,1.954,0.019,1.0088256055316986
143.72,0.563,1.582,0.017,1.4778585110576703
143.72,0.57,1.508,0.016,1.0168483394294947
143.74,0.586,1.706,0.019,1.2519677609179916
143.74,0.545,1.887,0.015,1.2787022898776685
143.75,0.551,1.694,0.015,1.482759901675731
143.75,0.59,1.835,0.017,1.0982139097001307
143.75,0.558,1.845,0.017,1.3009514289046116
143.75,0.525,1.795,0.016,1.1543809966057517
143.76,0.509,1.952,0.015,1.3081252627710764
143.76,0.595,1.554,0.016,1.4938242612826744
143.76,0.566,1.504,0.016,1.2068104902957
143.77,0.592,1.882,0.019,1.332109392118536
143.78,0.531,1.918,0.018,1.401288009857741
143.78,0.559,1.589,0.016,1.363400657622357
143.78,0.547,1.74,0.017,1.1705153742172851
143.78,0.581,1.664,0.019,1.4670803674766077
143.78,0.539,1.622,0.017,1.0302419823010465
143.79,0.575,1.613,0.017,1.1162200988891418
143.8,0.587,1.504,0.019,1.032006842497201
143.8,0.584,1.552,0.015,1.1167940987231726
143.8,0.54,1.603,0.017,1.4760663182203158
143.8,0.508,1.823,0.016,1.0540619768669846
143.8,0.521,1.542,0.016,1.196233859886411
143.8,0.527,1.813,0.019,1.252210192306868
143.8,0.556,1.808,0.017,1.3394422726873865
143.8,0.526,1.96,0.017,1.375673147044683
143.81,0.571,1.545,0.015,1.1398694607847042
143.81,0.572,1.658,0.018,1.1327870618740714
143.81,0.503,1.626,0.018,1.100147445792866
143.82,0.56,1.965,0.015,1.3453721276896395
143.82,0.5,1.659,0.018,1.0784757466124348
143.83,0.541,1.877,0.018,1.3842767715323814
143.85,0.594,1.764,0.015,1.2012232615485576
143.86,0.563,1.822,0.017,1.2401488360712047
143.86,0.514,1.663,0.017,1.1676006306622018
143.86,0.56,1.955,0.017,1.2515563192924275
143.86,0.554,1.57,0.015,1.2475845137525892
143.87,0.533,1.504,0.018,1.4197998294061511
143.88,0.543,1.95,0.017,1.3492433153943009
143.88,0.522,1.988,0.019,1.2314497600073417
143.89,0.534,1.829,0.015,1.488521950883411
143.89,0.542,1.752,0.015,1.3843781608378332
143.9,0.531,1.565,0.016,1.1943444737404738
143.9,0.575,1.522,0.016,1.2161801779877273
143.9,0.571,1.602,0.019,1.4534058538818324
143.9,0.516,1.714,0.016,1.2600088691524571
143.9,0.567,1.891,0.018,1.0637898709227984
143.91,0.559,1.949,0.018,1.2719192025108779
143.91,0.543,1.78,0.016,1.2509424228167119
143.92,0.509,1.975,0.017,1.1579842294231852
143.94,0.57,1.666,0.018,1.0956758327174512
143.94,0.56,1.721,0.017,1.123495832561723
143.94,0.584,1.77,0.015,1.109710822293146
143.94,0.515,1.503,0.019,1.127670377630926
143.94,0.561,1.813,0.016,1.4532413485775706
143.95,0.591,1.753,0.015,1.0430970229274195
143.96,0.567,1.957,0.019,1.139557027876994
143.98,0.502,1.607,0.019,1.1765098111561951
143.99,0.593,1.894,0.017,1.479283005351674
143.99,0.536,1.515,0.018,1.404744517468425
143.99,0.53,1.854,0.017,1.0912951393312744
143.99,0.503,1.677,0.018,1.274233730935376
144.0,0.565,1.819,0.015,1.482655880693988
144.0,0.512,1.852,0.017,1.286523266706408
144.0,0.543,1.65,0.018,1.0078850956886074
144.01,0.562,1.741,0.019,1.4381200461314707
144.02,0.505,1.711,0.018,1.332633505236161
144.03,0.5,1.922,0.015,1.0034071307675294
144.03,0.526,1.615,0.018,1.3736095397402688
144.03,0.52,1.632,0.015,1.0383565850842054
144.03,0.517,1.688,0.015,1.3288669596430644
144.05,0.543,1.573,0.016,1.205193589650821
144.05,0.508,1.857,0.019,1.4123068855179057
144.06,0.503,1.685,0.017,1.456967092263617
144.06,0.514,1.823,0.019,1.3527776509867349
144.06,0.532,1.713,0.017,1.1993819514150588
144.07,0.578,1.815,0.019,1.3979753777834807
144.1,0.554,1.712,0.017,1.1121327922343254
144.1,0.501,1.66,0.018,1.3700362503652381
144.1,0.549,1.679,0.019,1.2939004128556826
144.12,0.589,1.92,0.017,1.3328222507661351
144.12,0.558,1.824,0.016,1.3767500042996763
144.12,0.59,1.977,0.019,1.4505266094363132
144.12,0.543,1.635,0.015,1.4767697448825345
144.13,0.58,1.851,0.015,1.3632324885905378
144.13,0.583,1.685,0.018,1.048276453920368
144.14,0.575,1.549,0.015,1.0389970758457443
144.14,0.51,1.912,0.017,1.4586865975318024
144.14,0.504,1.61,0.015,1.0773943621236197
144.16,0.532,1.55,0.016,1.1632147937866308
144.16,0.517,1.659,0.019,1.414605810364518
144.17,0.59,1.641,0.015,1.1036319672226722
144.18,0.51,1.861,0.017,1.0366058131094131
144.18,0.554,1.708,0.016,1.218035138412697
144.19,0.586,1.617,0.017,1.0365939826072827
144.19,0.544,1.656,0.019,1.2970160533190842
144.2,0.525,1.656,0.017,1.3414759978412172
144.2,0.56,1.94,0.016,1.1320532918681994
144.2,0.545,1.872,0.018,1.4783279222018189
144.2,0.515,1.821,0.018,1.0973016143897976
144.2,0.569,1.753,0.015,1.341956733936441
144.21,0.594,1.797,0.016,1.198901015022837
144.21,0.563,1.831,0.015,1.264684544887249
144.22,0.589,1.974,0.015,1.3861389012647019
144.22,0.524,1.952,0.015,1.4677709678897535
144.22,0.506,1.803,0.017,1.4088687645552587
144.22,0.586,1.906,0.016,1.225164783866294
144.23,0.519,1.809,0.016,1.309746191197471
144.23,0.522,1.9,0.018,1.0989636967383363
144.24,0.532,1.634,0.016,1.3227114090656258
144.24,0.563,1.632,0.018,1.2343940683795647
144.25,0.57,1.547,0.018,1.4314354159890266
144.25,0.536,1.949,0.017,1.2262571261920578
144.26,0.589,1.926,0.018,1.4727409865232222
144.26,0.539,1.965,0.018,1.100195675182189
144.26,0.57,1.642,0.017,1.2804206619074479
144.28,0.594,1.701,0.018,1.1600083378141604
144.28,0.553,1.779,0.016,1.3558978472760113
144.28,0.569,1.768,0.018,1.01085346277896
144.29,0.581,1.924,0.016,1.1546613695798749
144.29,0.586,1.61,0.016,1.4348471065355581
144.3,0.504,1.656,0.015,1.4035928172807066
144.3,0.522,1.694,0.015,1.446969332023822
144.31,0.548,1.758,0.016,1.2480592489594016
144.32,0.561,1.763,0.019,1.2899703244522316
144.32,0.535,1.995,0.015,1.3667023946534405
144.33,0.512,1.626,0.016,1.300345718621008
144.33,0.588,1.678,0.019,1.2845813252143923
144.34,0.501,1.945,0.018,1.049551261676168
144.34,0.535,1.561,0.015,1.1140090019909388
144.34,0.539,1.55,0.015,1.4905751051897398
144.35,0.525,1.973,0.017,1.321312700344677
144.35,0.573,1.574,0.015,1.4338619697108497
144.35,0.583,1.904,0.019,1.3717610009197263
144.35,0.56,1.601,0.017,1.4117159796842087
144.36,0.532,1.848,0.018,1.4393223454450632
144.36,0.596,1.669,0.019,1.0720382190519486
144.36,0.585,1.786,0.019,1.2694828358763077
144.37,0.503,1.509,0.015,1.4620733969377024
144.38,0.584,1.664,0.016,1.2057526564315464
144.39,0.567,1.821,0.016,1.4535482702292526
144.4,0.523,1.603,0.017,1.3023313567352632
144.42,0.549,1.649,0.016,1.371711940594314
144.42,0.509,1.767,0.015,1.2011072282401158
144.42,0.585,1.751,0.017,1.3054507568494662
144.43,0.592,1.552,0.017,1.3734817100448615
144.43,0.576,1.629,0.015,1.3336816373719331
144.44,0.599,1.95,0.017,1.2467182640608405
144.44,0.559,1.646,0.019,1.0894688898196485
144.44,0.506,1.857,0.015,1.3501850969063918
144.45,0.564,1.584,0.018,1.412413981049783
144.45,0.553,1.562,0.019,1.3492751907789016
144.45,0.536,1.608,0.016,1.407914836303776
144.45,0.506,1.657,0.017,1.1732585171574796
144.46,0.599,1.784,0.018,1.1955678378727448
144.49,0.512,1.844,0.015,1.1533285958840396
144.49,0.597,1.504,0.015,1.0788402109230764
144.49,0.531,1.551,0.016,1.3799665206615308
144.5,0.523,1.578,0.015,1.1115546849120472
144.5,0.505,1.606,0.018,1.256578956289518
144.5,0.573,1.665,0.019,1.2745010587185819
144.5,0.513,1.791,0.017,1.2359038615825535
144.51,0.581,1.718,0.017,1.193464889745551
144.51,0.5,1.825,0.018,1.403717797640926
144.51,0.536,1.852,0.016,1.0944911894526315
144.52,0.511,1.546,0.019,1.4835840167884464
144.53,0.579,1.806,0.019,1.1713293044771373
144.55,0.55,1.505,0.016,1.269398232809114
144.55,0.55,1.627,0.016,1.372055366958561
144.55,0.56,1.764,0.016,1.0047571940164748
144.55,0.509,1.588,0.018,1.4969859632685978
144.55,0.575,1.68,0.017,1.4372474850420693
144.56,0.554,1.598,0.018,1.0569824376606607
144.57,0.518,1.576,0.018,1.1697277397020605
144.57,0.576,1.524,0.017,1.4027770313611816
144.58,0.536,1.55,0.018,1.4430761973650619
144.58,0.533,1.722,0.016,1.1708669685161561
144.58,0.566,1.796,0.018,1.4715516979496772
144.58,0.582,1.828,0.015,1.392799136505167
144.58,0.55,1.506,0.018,1.3718340188146763
144.59,0.589,1.94,0.015,1.4949175378125363
144.59,0.576,1.565,0.016,1.468758856766844
144.61,0.555,1.584,0.015,1.3325890905159459
144.61,0.552,1.59,0.016,1.4236755745310294
144.61,0.589,1.903,0.018,1.2282133067859318
144.62,0.566,1.913,0.015,1.2165532750531989
144.63,0.576,1.637,0.018,1.013614897804084
144.64,0.547,1.938,0.017,1.2966769144431183
144.64,0.523,1.787,0.015,1.0394432598496022
144.64,0.515,1.769,0.018,1.0742359246562139
144.65,0.561,1.761,0.016,1.4456468278749968
144.65,0.567,1.895,0.015,1.4346608824635863
144.65,0.574,1.832,0.018,1.072361662897452
144.65,0.526,1.927,0.015,1.3966345906760873
144.66,0.501,1.827,0.017,1.2187853648109295
144.67,0.505,1.855,0.015,1.1243055158017188
144.67,0.586,1.967,0.016,1.4963238240897123
144.67,0.508,1.895,0.015,1.2113753991984888
144.69,0.518,1.669,0.015,1.3812470822308525
144.69,0.559,1.535,0.016,1.063605274187314
144.7,0.568,1.542,0.015,1.0891951605897745
144.7,0.546,1.526,0.019,1.012753644590046
144.7,0.526,1.943,0.016,1.3095461034265201
144.71,0.568,1.962,0.016,1.4388620744789713
144.71,0.528,1.816,0.018,1.0383046626563845
144.71,0.581,1.859,0.019,1.4853126224893807
144.71,0.589,1.715,0.018,1.0179778969217645
144.71,0.564,1.991,0.016,1.0263566367687655
144.72,0.504,1.726,0.017,1.4467797390985107
144.72,0.513,1.911,0.017,1.4006805741725536
144.73,0.555,1.983,0.016,1.3490550205593264
144.74,0.535,1.734,0.016,1.0527105232539802
144.75,0.525,1.656,0.017,1.008617350920776
144.75,0.586,1.513,0.016,1.435282468140416
144.76,0.576,1.689,0.015,1.2701180536634942
144.76,0.529,1.665,0.018,1.0088078486763326
144.77,0.509,1.913,0.019,1.1088901876136934
144.78,0.535,1.975,0.018,1.0315273570980863
144.79,0.572,1.949,0.017,1.19993187627419
144.79,0.513,1.57,0.016,1.2187882164710944
144.79,0.504,1.837,0.018,1.0544058507372855
144.8,0.556,1.562,0.016,1.3057034660610904
144.8,0.509,1.876,0.018,1.376742588303758
144.8,0.505,1.566,0.015,1.3770243397232036
144.8,0.515,1.801,0.018,1.3811869364920635
144.81,0.58,1.9,0.019,1.4579128982917395
144.82,0.584,1.763,0.018,1.3512456716542571
144.83,0.511,1.82,0.016,1.12039666737524
144.84,0.573,1.553,0.019,1.0650867535558939
144.85,0.518,1.787,0.015,1.4842522036579733
144.86,0.543,1.853,0.016,1.4151266127616453
144.86,0.598,1.534,0.018,1.234168626775657
144.86,0.536,1.979,0.016,1.3702841972576978
144.87,0.506,1.587,0.017,1.3889178988899102
144.88,0.542,1.746,0.016,1.487579435636754
144.88,0.56,1.815,0.015,1.0114094315532773
144.89,0.536,1.86,0.019,1.3626385047469585
144.89,0.593,1.884,0.019,1.0263287018460319
144.9,0.549,1.666,0.019,1.1053773198689152
144.91,0.573,1.546,0.017,1.0338575775974328
144.91,0.533,1.6,0.015,1.4465334683166329
144.91,0.508,1.985,0.015,1.178399666038442
144.93,0.511,1.894,0.017,1.1875377383605639
144.93,0.525,1.679,0.018,1.4465440553215219
144.94,0.519,1.8,0.016,1.2042780302400091
144.94,0.517,1.759,0.016,1.4096715037442173
144.95,0.581,1.968,0.017,1.2028241182984438
144.95,0.58,1.708,0.018,1.4622263505390078
144.95,0.583,1.781,0.017,1.0596533327507007
144.95,0.593,1.96,0.019,1.3984350300655768
144.96,0.502,1.544,0.019,1.003094643052749
144.96,0.586,1.946,0.015,1.1851074264305894
144.97,0.573,1.609,0.016,1.4766138272662543
144.97,0.571,1.679,0.015,1.4152522048356584
144.97,0.562,1.966,0.018,1.1530304569515752
144.98,0.545,1.986,0.015,1.2070043790159781
144.98,0.539,1.736,0.019,1.0706630942910471
144.98,0.58,1.815,0.017,1.3983253119724306
144.98,0.599,1.811,0.015,1.2420138941713503
144.99,0.534,1.526,0.017,1.3695336303749066
144.99,0.56,1.801,0.017,1.179148697723927
145.0,0.59,1.533,0.019,1.4474866541129592
145.0,0.559,1.897,0.019,1.4535962083665719
145.0,0.506,1.774,0.018,1.4572629344889831
145.01,0.533,1.934,0.017,1.0461888938376613
145.01,0.532,1.505,0.019,1.4751674154310095
145.01,0.585,1.777,0.019,1.466398460992187
145.01,0.592,1.828,0.015,1.4258948047011537
145.01,0.593,1.627,0.015,1.3611339521532417
145.02,0.543,1.658,0.018,1.360418282930122
145.03,0.576,1.542,0.017,1.2707150005189298
145.04,0.567,1.799,0.016,1.0631958887363488
145.04,0.57,1.876,0.019,1.2396579707496405
145.04,0.538,1.902,0.015,1.4152721422449095
145.06,0.57,1.902,0.016,1.2788258187163628
145.06,0.543,1.82,0.016,1.4468098441416957
145.07,0.545,1.546,0.015,1.0553036312933501
145.07,0.526,1.832,0.015,1.133065543923492
145.08,0.523,1.569,0.018,1.0650177610451503
145.08,0.545,1.713,0.015,1.4285421376213432
145.1,0.575,1.554,0.019,1.1627512512807079
145.1,0.516,1.618,0.017,1.2342378658064912
145.11,0.539,1.924,0.018,1.3938820244795265
145.11,0.585,1.888,0.015,1.4755454998480728
145.12,0.579,1.969,0.019,1.199607235976302
145.12,0.59,1.519,0.017,1.4377861362237052
145.12,0.576,1.95,0.018,1.4180813707386961
145.12,0.502,1.869,0.016,1.4953539105365605
145.13,0.556,1.77,0.016,1.437106082867564
145.13,0.555,1.591,0.017,1.0807631948317629
145.13,0.592,1.68,0.018,1.3760696445739384
145.14,0.54,1.614,0.017,1.4669179439405526
145.14,0.502,1.634,0.018,1.2039319783852316
145.14,0.572,1.793,0.019,1.3771801330295543
145.14,0.548,1.752,0.019,1.0565370110250003
145.15,0.518,1.532,0.018,1.1429168554864222
145.16,0.534,1.53,0.018,1.1156871977811966
145.16,0.525,1.869,0.016,1.4614490594970508
145.17,0.568,1.822,0.015,1.1231355397372123
145.17,0.534,1.833,0.019,1.4354529215901735
145.18,0.541,1.576,0.019,1.032768054411944
145.18,0.555,1.772,0.016,1.032705003973491
145.18,0.539,1.897,0.015,1.2581383888676911
145.19,0.55,1.583,0.015,1.0905124598529954
145.19,0.522,1.695,0.019,1.1457679277200372
145.19,0.551,1.912,0.016,1.0340831307168021
145.2,0.592,1.72,0.015,1.103618422843312
145.2,0.58,1.514,0.015,1.1814750690952525
145.2,0.576,1.992,0.018,1.329114324976342
145.2,0.555,1.926,0.016,1.2878039471527334
145.21,0.596,1.821,0.017,1.3868155586149151
145.21,0.597,1.589,0.018,1.131149825243127
145.22,0.592,1.991,0.019,1.3941277889175512
145.24,0.523,1.593,0.015,1.215072767485852
145.24,0.506,1.618,0.016,1.4982594246173178
145.24,0.565,1.504,0.016,1.4828366439663414
145.25,0.587,1.569,0.019,1.4625756945584563
145.25,0.545,1.982,0.018,1.3714265259400575
145.25,0.551,1.742,0.018,1.1955607693922692
145.25,0.53,1.902,0.019,1.328442962126334
145.25,0.599,1.508,0.017,1.3374817720802672
145.25,0.569,1.623,0.017,1.1146816792872163
145.26,0.556,1.503,0.016,1.3720912624267436
145.26,0.559,1.683,0.015,1.026447777715227
145.26,0.536,1.963,0.018,1.1827549683949394
145.27,0.551,1.968,0.019,1.0214837716047074
145.27,0.564,1.834,0.019,1.256108491134143
145.27,0.597,1.966,0.018,1.3518720107723183
145.27,0.553,1.975,0.015,1.124703783152069
145.28,0.524,1.706,0.016,1.1774813358116227
145.29,0.577,1.963,0.016,1.1713667918892345
145.3,0.559,1.979,0.016,1.174421702706253
145.3,0.519,1.947,0.019,1.3185069309160489
145.31,0.55,1.77,0.016,1.3741601443866955
145.31,0.549,1.606,0.017,1.4994977558323723
145.31,0.551,1.938,0.016,1.1434461812637744
145.31,0.57,1.95,0.015,1.4976092206799267
145.31,0.578,1.74,0.018,1.310127848604917
145.31,0.514,1.826,0.015,1.4562662151078476
145.33,0.543,1.993,0.017,1.1834065922276977
145.34,0.585,1.638,0.019,1.1168415669027656
145.34,0.594,1.743,0.016,1.1667875006162696
145.34,0.58,1.601,0.016,1.426808440166137
145.34,0.539,1.957,0.017,1.1139209742725378
145.35,0.571,1.709,0.017,1.0055273748579847
145.36,0.527,1.608,0.019,1.0253857258387493
145.36,0.597,1.63,0.018,1.4656498354881682
145.37,0.508,1.923,0.017,1.3291340086810446
145.37,0.514,1.609,0.017,1.1622069574760987
145.37,0.592,1.781,0.019,1.2351861612903219
145.37,0.54,1.626,0.019,1.2197823053527062
145.38,0.521,1.823,0.015,1.0311466091641912
145.38,0.523,1.826,0.016,1.4338303325899204
145.39,0.525,1.748,0.016,1.4725168869957606
145.4,0.575,1.949,0.016,1.2516314069344308
145.4,0.517,1.959,0.017,1.0731198962645794
145.42,0.581,1.565,0.017,1.197577818787721
145.42,0.561,1.642,0.019,1.0971188596732657
145.42,0.541,1.863,0.018,1.3483545959621894
145.43,0.508,1.995,0.016,1.0876471780228163
145.43,0.555,1.845,0.016,1.4638394000031079
145.43,0.598,1.952,0.015,1.2793075449516231
145.43,0.583,1.993,0.015,1.1532510950836157
145.43,0.505,1.875,0.015,1.4210400196472186
145.43,0.514,1.649,0.015,1.0539942440660275
145.44,0.576,1.583,0.015,1.199670848029762
145.44,0.587,1.699,0.015,1.0223754486942895
145.44,0.591,1.729,0.019,1.2071155035555226
145.45,0.56,1.614,0.016,1.0752124252597968
145.45,0.582,1.717,0.016,1.0649352863287764
145.45,0.513,1.561,0.018,1.0442082150074317
145.46,0.588,1.771,0.015,1.2220084853540505
145.47,0.562,1.96,0.015,1.099494119976359
145.47,0.569,1.55,0.018,1.2809436968105865
145.47,0.571,1.786,0.018,1.4705206847681371
145.47,0.521,1.578,0.017,1.1617463745635568
145.48,0.541,1.793,0.016,1.3559263068766871
145.48,0.583,1.52,0.017,1.015291236862684
145.49,0.582,1.819,0.016,1.4388650849934561
145.51,0.54,1.724,0.016,1.044445149135875
145.52,0.588,1.7,0.016,1.3585255657265036
145.52,0.509,1.932,0.015,1.4491361839654895
145.53,0.566,1.759,0.015,1.0010527037932875
145.53,0.556,1.95,0.019,1.1230638305976473
145.54,0.523,1.838,0.016,1.1088893529925086
145.54,0.599,1.804,0.017,1.3886273928963477
145.55,0.559,1.905,0.018,1.451249817159892
145.55,0.535,1.534,0.016,1.2151355806926383
145.55,0.547,1.792,0.018,1.305416230209746
145.56,0.506,1.869,0.019,1.2164714845817497
145.56,0.54,1.763,0.018,1.4995039433558213
145.57,0.576,1.752,0.017,1.1258968897860009
145.58,0.512,1.862,0.016,1.4793809383930654
145.58,0.599,1.778,0.016,1.1121350189961852
145.59,0.516,1.892,0.019,1.3116387644158023
145.59,0.555,1.692,0.016,1.080315640084023
145.59,0.547,1.978,0.018,1.1285467253100885
145.6,0.567,1.607,0.019,1.03303538946219
145.6,0.555,1.824,0.016,1.014897113728515
145.61,0.58,1.541,0.017,1.3329439193273522
145.61,0.574,1.989,0.017,1.2345517832790827
145.61,0.573,1.843,0.019,1.066192331530391
145.61,0.508,1.865,0.016,1.1930681418051818
145.62,0.563,1.547,0.019,1.3708098263031887
145.62,0.529,1.736,0.015,1.3304374876118472
145.62,0.588,1.89,0.019,1.3537570932132221
145.63,0.517,1.874,0.016,1.0148441614319452
145.63,0.577,1.803,0.018,1.3342472113551285
145.63,0.597,1.858,0.015,1.372859766004702
145.64,0.52,1.626,0.017,1.0821475411719437
145.66,0.588,1.561,0.017,1.033156367598046
145.67,0.514,1.877,0.018,1.1369333882342403
145.68,0.598,1.578,0.015,1.4826850018972606
145.68,0.59,1.843,0.019,1.4986598086429443
145.69,0.594,1.951,0.016,1.1326563124591904
145.7,0.515,1.896,0.015,1.3354957019187341
145.72,0.527,1.819,0.018,1.43318032205534
145.72,0.584,1.543,0.017,1.204400424384361
145.72,0.517,1.95,0.016,1.1423506417688745
145.72,0.583,1.537,0.018,1.0090249505996076
145.73,0.504,1.632,0.015,1.2672419881515717
145.73,0.579,1.526,0.017,1.2843063819854024
145.73,0.566,1.549,0.015,1.0936040190448904
145.74,0.527,1.602,0.015,1.0468162167334158
145.76,0.547,1.734,0.018,1.4122117308909903
145.76,0.574,1.523,0.015,1.0317324527358391
145.77,0.597,1.695,0.016,1.2373883846658362
145.77,0.515,1.685,0.016,1.3643606196111837
145.78,0.534,1.809,0.018,1.2491977684555342
145.78,0.543,1.678,0.019,1.1268237474992515
145.8,0.509,1.976,0.015,1.0488091799215928
145.8,0.595,1.551,0.015,1.2706749129124795
145.81,0.51,1.83,0.018,1.086037104161069
145.81,0.596,1.722,0.015,1.405719648355239
145.82,0.53,1.737,0.016,1.382159997359203
145.82,0.522,1.518,0.017,1.0996957156955187
145.82,0.597,1.858,0.017,1.2715795008103012
145.83,0.562,1.604,0.016,1.3785412978128322
145.86,0.591,1.953,0.019,1.1642580660139037
145.86,0.556,1.654,0.015,1.188781669169999
145.87,0.522,1.875,0.017,1.4225453524121179
145.88,0.537,1.933,0.016,1.1372954994989062
145.88,0.516,1.701,0.018,1.4869294464088834
145.89,0.585,1.721,0.015,1.3563562062214376
145.89,0.574,1.643,0.019,1.3954195476522595
145.91,0.534,1.875,0.017,1.2133909206735316
145.92,0.553,1.609,0.016,1.1460513249167106
145.92,0.53,1.658,0.017,1.1891179666260328
145.93,0.593,1.609,0.019,1.4527408639909591
145.94,0.535,1.859,0.015,1.1995405608858851
145.94,0.513,1.946,0.018,1.3949169717494994
145.94,0.567,1.658,0.015,1.0436687400796738
145.94,0.557,1.927,0.017,1.0542508706824956
145.94,0.577,1.661,0.015,1.4362521984159549
145.94,0.592,1.828,0.019,1.2893668809003007
145.94,0.558,1.854,0.018,1.4771314021684878
145.96,0.529,1.516,0.019,1.1220156833403376
145.96,0.598,1.791,0.018,1.4953175347640109
145.96,0.569,1.847,0.017,1.2506208610003213
145.96,0.551,1.545,0.015,1.4814267105070975
145.96,0.572,1.629,0.016,1.2809385995221958
145.97,0.595,1.767,0.018,1.3385993639742648
145.97,0.554,1.987,0.016,1.410531457670498
145.97,0.548,1.606,0.019,1.3943373565029697
145.98,0.574,1.515,0.016,1.4140262597207789
145.98,0.501,1.679,0.019,1.3747407369618536
145.98,0.521,1.751,0.017,1.2430972322208043
145.99,0.557,1.799,0.016,1.2664236091299625
145.99,0.548,1.882,0.016,1.1473335562696279
146.01,0.54,1.783,0.019,1.3663704377592458
146.02,0.559,1.995,0.017,1.2413503108793926
146.02,0.543,1.597,0.017,1.380988952125675
146.03,0.539,1.878,0.016,1.282480990042941
146.04,0.506,1.75,0.019,1.2315701892472204
146.04,0.584,1.574,0.016,1.3169097221199664
146.04,0.533,1.662,0.017,1.2411556040900253
146.04,0.533,1.784,0.015,1.2320510552089239
146.06,0.598,1.561,0.018,1.062097149804123
146.07,0.508,1.737,0.016,1.4714252749304313
146.07,0.535,1.99,0.018,1.1979008776152322
146.08,0.569,1.756,0.018,1.4136202644779234
146.08,0.554,1.78,0.016,1.458690848686083
146.08,0.519,1.637,0.018,1.2815687066410284
146.09,0.545,1.678,0.015,1.1182285381416408
146.1,0.546,1.98,0.017,1.2131875540284398
146.11,0.504,1.966,0.016,1.2697809419880728
146.11,0.533,1.79,0.016,1.4942674820545498
146.11,0.54,1.821,0.019,1.039364827470862
146.12,0.597,1.808,0.015,1.156001526428802
146.13,0.557,1.72,0.016,1.146374356815042
146.14,0.584,1.761,0.018,1.0657806960849272
146.15,0.576,1.922,0.019,1.3871479709682388
146.18,0.564,1.902,0.019,1.3663071522213772
146.19,0.567,1.987,0.016,1.228121699070691
146.19,0.585,1.678,0.016,1.075175828254849
146.19,0.567,1.512,0.019,1.429689259723263
146.2,0.513,1.548,0.019,1.2860353529989323
146.2,0.513,1.653,0.018,1.4839015625147145
146.2,0.548,1.706,0.018,1.0117425603044774
146.21,0.509,1.67,0.019,1.0202495616574936
146.21,0.579,1.716,0.015,1.447580948803139
146.21,0.547,1.788,0.017,1.1232643627901573
146.21,0.523,1.736,0.015,1.332304439330828
146.22,0.575,1.649,0.017,1.0917940803194495
146.22,0.558,1.698,0.018,1.2705330567146296
146.23,0.578,1.835,0.015,1.4998072137296505
146.23,0.554,1.59,0.016,1.3566732485453452
146.24,0.521,1.776,0.017,1.2168884549810397
146.24,0.514,1.504,0.016,1.2897303143004526
146.25,0.54,1.534,0.016,1.4375203715516793
146.25,0.513,1.597,0.015,1.010766310747973
146.26,0.552,1.849,0.016,1.0953411646246036
146.26,0.593,1.851,0.018,1.0128746741424204
146.27,0.54,1.759,0.016,1.4012162954644185
146.28,0.559,1.644,0.017,1.4904017823381648
146.28,0.537,1.587,0.015,1.4803909832379647
146.29,0.547,1.957,0.016,1.4039294186271134
146.29,0.515,1.895,0.016,1.4320377362589758
146.29,0.58,1.642,0.017,1.08281979695897
146.3,0.531,1.7,0.017,1.2079139010554054
146.3,0.565,1.622,0.015,1.0074041543041667
146.31,0.585,1.782,0.016,1.24020056542902
146.31,0.555,1.755,0.016,1.424020491493924
146.32,0.593,1.711,0.015,1.1455403853887616
146.33,0.552,1.973,0.019,1.4852168910799524
146.34,0.567,1.543,0.016,1.04578856047365
146.34,0.541,1.622,0.017,1.2827664373545056
146.36,0.581,1.547,0.016,1.4980790276236928
146.36,0.564,1.709,0.016,1.0594292800958018
146.36,0.589,1.925,0.019,1.4010309846981857
146.36,0.509,1.928,0.019,1.4292577929911876
146.37,0.578,1.989,0.017,1.1060279844890146
146.37,0.592,1.68,0.016,1.07242835058798
146.37,0.561,1.975,0.018,1.0493746349719855
146.37,0.577,1.593,0.019,1.3318139410713168
146.38,0.595,1.644,0.018,1.3249407591422944
146.39,0.591,1.713,0.015,1.351952851587499
146.39,0.509,1.545,0.015,1.2307302255181252
146.4,0.531,1.846,0.015,1.0679167869849149
146.4,0.596,1.539,0.016,1.3626383465378273
146.4,0.594,1.863,0.015,1.0187037998804076
146.41,0.58,1.546,0.016,1.4613370833279373
146.41,0.585,1.824,0.015,1.0813435526653328
146.41,0.585,1.522,0.016,1.1338069896073828
146.42,0.523,1.911,0.016,1.0981120940048088
146.42,0.502,1.751,0.019,1.1374463506117323
146.43,0.501,1.613,0.016,1.3734525164938574
146.43,0.505,1.997,0.016,1.442538035784131
146.43,0.54,1.945,0.015,1.0787417087774136
146.44,0.558,1.904,0.016,1.10234303704708
146.45,0.553,1.827,0.015,1.3439670744766956
146.47,0.579,1.627,0.018,1.0098399917611771
146.47,0.544,1.848,0.019,1.1112869590614758
146.47,0.524,1.508,0.017,1.0677932184879353
146.47,0.505,1.969,0.019,1.3940446834027653
146.47,0.549,1.983,0.017,1.4045396425623882
146.48,0.507,1.877,0.015,1.2857734681776725
146.48,0.505,1.72,0.015,1.2115012587434792
146.48,0.562,1.674,0.016,1.0501417900490118
146.48,0.594,1.553,0.016,1.2487394842462756
146.48,0.517,1.849,0.018,1.2258315489916283
146.49,0.562,1.949,0.015,1.160416655942611
146.5,0.595,1.969,0.015,1.431117149576283
146.51,0.556,1.856,0.015,1.3201151224435306
146.51,0.509,1.849,0.017,1.1796667080575545
146.52,0.507,1.583,0.019,1.3685682896696336
146.52,0.587,1.863,0.018,1.1245480278545559
146.52,0.51,1.863,0.018,1.4950041361368005
146.53,0.58,1.692,0.016,1.1635550463820625
146.54,0.56,1.611,0.016,1.1990357520928876
146.54,0.529,1.857,0.018,1.4495089925183335
146.54,0.595,1.8,0.015,1.1131130048796651
146.55,0.524,1.731,0.019,1.4810291690432904
146.55,0.565,1.52,0.016,1.2942210268326857
146.57,0.55,1.987,0.016,1.3627585277997007
146.58,0.569,1.719,0.015,1.4580477442578248
146.59,0.592,1.536,0.019,1.1914634539357327
146.6,0.54,1.734,0.017,1.0888491432816643
146.6,0.572,1.955,0.017,1.389022007199777
146.6,0.532,1.992,0.015,1.2526414866131559
146.61,0.583,1.815,0.015,1.4206251410706143
146.62,0.537,1.503,0.018,1.38751419400574
146.63,0.536,1.868,0.018,1.1003373379169634
146.64,0.584,1.819,0.019,1.0236530735622766
146.65,0.508,1.921,0.018,1.427152245680694
146.65,0.523,1.59,0.017,1.0427358581655621
146.65,0.584,1.695,0.018,1.3415779088944144
146.65,0.594,1.765,0.018,1.0759702360865444
146.66,0.59,1.653,0.017,1.4331581057394644
146.66,0.507,1.813,0.016,1.1273361771367636
146.66,0.587,1.992,0.016,1.2478795297026992
146.67,0.557,1.578,0.017,1.0523106544375187
146.67,0.588,1.566,0.018,1.1831732778178394
146.68,0.597,1.652,0.017,1.0420605897927069
146.69,0.569,1.838,0.019,1.349183874254177
146.69,0.596,1.821,0.017,1.4732057978310114
146.69,0.502,1.845,0.019,1.4655685559320726
146.69,0.594,1.961,0.016,1.0258875965566328
146.69,0.576,1.956,0.016,1.203713996153347
146.69,0.574,1.848,0.018,1.3010550339575975
146.69,0.504,1.899,0.019,1.4623578696214798
146.7,0.543,1.95,0.015,1.0481343186629646
146.7,0.507,1.773,0.016,1.249411894665906
146.7,0.511,1.723,0.019,1.3814817232927965
146.71,0.54,1.913,0.017,1.327753416950606
146.71,0.518,1.753,0.017,1.0321200748757988
146.71,0.571,1.664,0.015,1.2555276890512983
146.72,0.567,1.734,0.017,1.4820401881454972
146.72,0.579,1.65,0.015,1.004531452654156
146.72,0.571,1.915,0.018,1.218579107585422
146.72,0.563,1.62,0.016,1.0219362934256457
146.73,0.599,1.905,0.019,1.1716286869244608
146.73,0.558,1.601,0.018,1.278074049569271
146.73,0.576,1.599,0.016,1.468180446304982
146.73,0.521,1.563,0.017,1.0767168971024161
146.73,0.585,1.648,0.015,1.102889008318527
146.73,0.528,1.961,0.017,1.1814941453283856
146.74,0.547,1.977,0.019,1.460361790990291
146.74,0.534,1.846,0.019,1.0971577440199707
146.74,0.536,1.69,0.017,1.0366221662259372
146.74,0.539,1.842,0.018,1.3247520918869184
146.77,0.592,1.618,0.017,1.1162177754934308
146.78,0.542,1.702,0.017,1.3707634634028083
146.78,0.548,1.534,0.019,1.1982749205443237
146.78,0.582,1.633,0.015,1.2365443776655998
146.8,0.506,1.998,0.017,1.3698580549488686
146.81,0.561,1.844,0.019,1.2047980549366941
146.81,0.509,1.814,0.017,1.137925839388188
146.82,0.533,1.737,0.019,1.414444437561786
146.82,0.592,1.951,0.016,1.1598230127216866
146.82,0.583,1.617,0.018,1.0037359523672817
146.82,0.502,1.757,0.019,1.2258270253267096
146.83,0.598,1.555,0.018,1.3621831972817113
146.83,0.519,1.766,0.018,1.2251066424530244
146.83,0.542,1.847,0.016,1.0802254093086678
146.84,0.548,1.91,0.017,1.4181369413093938
146.84,0.5,1.937,0.018,1.4158927069118987
146.84,0.577,1.515,0.017,1.4563052505992486
146.86,0.508,1.6,0.017,1.4259039916446459
146.9,0.556,1.929,0.016,1.4466101322467384
146.9,0.559,1.787,0.019,1.3679259435688222
146.9,0.57,1.622,0.016,1.314765191618909
146.9,0.502,1.758,0.016,1.0987319590826985
146.9,0.572,1.83,0.016,1.3191462357557793
146.91,0.537,1.946,0.019,1.0026293113274756
146.91,0.546,1.917,0.017,1.0482280913404656
146.91,0.524,1.81,0.018,1.2068848570103217
146.91,0.504,1.685,0.015,1.1196575819618277
146.92,0.536,1.581,0.019,1.3759373054436903
146.92,0.548,1.611,0.016,1.0627192835701493
146.93,0.523,1.949,0.019,1.0739281363645738
146.93,0.577,1.993,0.019,1.360958228985866
146.93,0.57,1.571,0.017,1.0344831696999042
146.93,0.598,1.508,0.019,1.2964114916426794
146.94,0.506,1.621,0.016,1.3340818335381064
146.95,0.592,1.752,0.016,1.457563771121932
146.95,0.506,1.66,0.017,1.052534011488147
146.95,0.595,1.581,0.017,1.0371122549423406
146.95,0.538,1.612,0.019,1.0887598708462576
146.95,0.57,1.571,0.017,1.0858671848907022
146.96,0.506,1.846,0.019,1.104282782827017
146.96,0.532,1.919,0.015,1.3388991562173516
146.98,0.529,1.727,0.017,1.0670466324242516
146.99,0.588,1.829,0.015,1.441975471846802
146.99,0.505,1.632,0.019,1.0821408540636637
147.0,0.59,1.988,0.019,1.3967023796081623
147.0,0.586,1.827,0.016,1.0780725917649354
147.0,0.533,1.706,0.019,1.335739132376122
147.01,0.594,1.617,0.017,1.387995717475693
147.01,0.59,1.947,0.016,1.3386193441768457
147.02,0.599,1.762,0.017,1.4086507478603592
147.03,0.559,1.971,0.015,1.4062557639334803
147.03,0.576,1.924,0.019,1.1470203979540088
147.05,0.507,1.736,0.018,1.3053381453362571
147.06,0.55,1.623,0.017,1.2314581614678628
147.06,0.538,1.772,0.018,1.4212772175059805
147.06,0.502,1.54,0.015,1.0871503773733227
147.06,0.523,1.879,0.018,1.4081978329241105
147.07,0.564,1.953,0.018,1.4331350820520457
147.08,0.535,1.863,0.015,1.159898997909209
147.09,0.521,1.68,0.018,1.0211641200776709
147.09,0.528,1.878,0.015,1.3423255710689208
147.09,0.529,1.968,0.018,1.1434962908511814
147.09,0.57,1.838,0.019,1.329919123867533
147.1,0.503,1.678,0.019,1.141829611549765
147.11,0.524,1.994,0.019,1.1028663986468015
147.12,0.564,1.89,0.019,1.4522752629032762
147.12,0.522,1.834,0.019,1.391239727457763
147.12,0.578,1.795,0.015,1.2173121756048042
147.13,0.579,1.978,0.015,1.285722969369725
147.13,0.557,1.638,0.017,1.3956294611108744
147.13,0.5,1.843,0.016,1.4284462829023474
147.13,0.55,1.679,0.019,1.4758914093668358
147.15,0.534,1.578,0.017,1.1957735006669794
147.15,0.562,1.854,0.019,1.2866622645001402
147.15,0.57,1.617,0.015,1.4713654001399057
147.15,0.584,1.738,0.018,1.247149653209625
147.16,0.512,1.563,0.018,1.025506976945144
147.18,0.587,1.632,0.017,1.061507137497592
147.18,0.517,1.96,0.015,1.1562148308906208
147.18,0.519,1.558,0.019,1.0942920135752132
147.18,0.543,1.529,0.017,1.269141696656071
147.19,0.518,1.792,0.017,1.3269505821049397
147.19,0.552,1.568,0.018,1.2700266784135408
147.19,0.538,1.747,0.015,1.453871424948849
147.2,0.555,1.868,0.017,1.1963963110730043
147.2,0.597,1.539,0.019,1.1628973818147388
147.2,0.566,1.881,0.015,1.277614119917896
147.2,0.541,1.995,0.016,1.3899573073541367
147.21,0.537,1.741,0.017,1.0347400882615105
147.21,0.542,1.566,0.019,1.3661667225161476
147.21,0.542,1.613,0.017,1.0957752397325133
147.22,0.532,1.77,0.018,1.4188615616167901
147.22,0.532,1.507,0.016,1.40749131993552
147.23,0.537,1.834,0.017,1.3469163365573165
147.23,0.525,1.778,0.017,1.03909198311786
147.24,0.562,1.8,0.017,1.3391638073362002
147.24,0.537,1.722,0.016,1.3102927430738625
147.25,0.587,1.629,0.018,1.3463518242793089
147.26,0.528,1.503,0.015,1.0782802779458034
147.27,0.537,1.654,0.018,1.3409686955078965
147.28,0.559,1.756,0.016,1.0400554558962374
147.28,0.573,1.635,0.019,1.373773689247852
147.28,0.533,1.66,0.018,1.2266137869895608
147.28,0.549,1.957,0.017,1.2316291023254902
147.29,0.579,1.605,0.015,1.4945703688422787
147.29,0.55,1.578,0.019,1.1660862861806376
147.29,0.591,1.552,0.015,1.3306665787675185
147.3,0.593,1.995,0.015,1.4667623498092275
147.3,0.56,1.849,0.017,1.1811510174331337
147.3,0.566,1.507,0.016,1.3634287834009853
147.3,0.543,1.95,0.019,1.2950219803344158
147.31,0.542,1.99,0.019,1.064511248881721
147.32,0.525,1.652,0.017,1.166580982486248
147.32,0.544,1.753,0.016,1.0935920709659326
147.33,0.527,1.752,0.017,1.3140178307435362
147.33,0.55,1.763,0.015,1.366071523778426
147.34,0.53,1.932,0.019,1.4720895761699313
147.35,0.557,1.996,0.018,1.1293268103917096
147.35,0.518,1.974,0.015,1.2063421599984911
147.35,0.502,1.597,0.015,1.1143837517848514
147.37,0.591,1.894,0.015,1.1609401135238482
147.37,0.514,1.581,0.018,1.4726251818233493
147.38,0.572,1.707,0.016,1.1706419538483779
147.38,0.543,1.643,0.018,1.409036446186573
147.38,0.592,1.625,0.017,1.4960342315010067
147.38,0.514,1.865,0.016,1.109340969522687
147.39,0.584,1.523,0.018,1.0395891923255314
147.39,0.533,1.884,0.016,1.0365759792873652
147.4,0.542,1.89,0.017,1.2290342490386648
147.4,0.546,1.662,0.017,1.3723701734075315
147.4,0.589,1.743,0.019,1.1330117120492462
147.4,0.505,1.693,0.018,1.4671820831817672
147.4,0.535,1.726,0.018,1.0547258942514446
147.41,0.571,1.963,0.017,1.4325446412714022
147.41,0.505,1.781,0.019,1.0161323898977417
147.41,0.54,1.764,0.019,1.1903424376453604
147.41,0.508,1.771,0.015,1.4324910509944013
147.41,0.51,1.813,0.018,1.0618888308190524
147.42,0.54,1.548,0.019,1.3615295574547632
147.43,0.584,1.745,0.018,1.3229176521522032
147.44,0.51,1.892,0.019,1.1224633359214242
147.44,0.522,1.967,0.017,1.3540856010272775
147.46,0.528,1.795,0.015,1.0026897375131083
147.46,0.561,1.978,0.015,1.4214277499730188
147.47,0.545,1.757,0.015,1.4048830736758233
147.48,0.503,1.782,0.019,1.2605256082502685
147.48,0.536,1.604,0.015,1.4274686933757166
147.48,0.592,1.67,0.017,1.0709636964518117
147.49,0.581,1.845,0.018,1.0991805244255561
147.49,0.536,1.709,0.015,1.2228749563000942
147.49,0.575,1.695,0.017,1.1301410360458466
147.49,0.546,1.523,0.018,1.2794294422879144
147.49,0.557,1.546,0.017,1.1363217782692554
147.51,0.529,1.812,0.015,1.476610288508286
147.52,0.538,1.972,0.015,1.2224661362873264
147.52,0.503,1.559,0.015,1.176910900734752
147.52,0.576,1.853,0.015,1.1362518616486885
147.53,0.545,1.565,0.015,1.1375138423591804
147.53,0.52,1.932,0.017,1.2955325605556103
147.53,0.559,1.706,0.015,1.4117833926180137
147.54,0.528,1.652,0.015,1.3947589653018166
147.54,0.582,1.67,0.019,1.1921496848292037
147.54,0.509,1.854,0.018,1.4491706589238569
147.54,0.567,1.567,0.016,1.0330615176272722
147.54,0.573,1.912,0.019,1.4865161263734792
147.55,0.539,1.802,0.016,1.212072723362987
147.56,0.506,1.717,0.017,1.2888165669772393
147.57,0.59,1.825,0.015,1.2810497467074407
147.57,0.59,1.764,0.019,1.1417639978439462
147.58,0.536,1.68,0.016,1.0640101282718872
147.58,0.536,1.863,0.019,1.0291691643111196
147.58,0.547,1.738,0.017,1.3027008956977206
147.58,0.588,1.887,0.015,1.3152015801238828
147.6,0.533,1.691,0.019,1.0369276073402955
147.61,0.581,1.663,0.016,1.1233979012624242
147.61,0.554,1.856,0.018,1.2453432252247398
147.62,0.599,1.534,0.015,1.1694782573906009
147.62,0.503,1.666,0.016,1.1739714224255182
147.62,0.571,1.665,0.016,1.4264246724288434
147.63,0.555,1.907,0.015,1.2320653158089137
147.64,0.548,1.866,0.016,1.4362602800084145
147.64,0.571,1.712,0.018,1.3649076039752142
147.64,0.56,1.901,0.019,1.179729705808128
147.65,0.502,1.928,0.016,1.0704917423421412
147.65,0.507,1.909,0.016,1.482375463876787
147.66,0.583,1.636,0.015,1.126192668306074
147.67,0.584,1.853,0.017,1.3072525370152817
147.68,0.587,1.98,0.018,1.0756640017413328
147.68,0.596,1.994,0.019,1.0640892029306541
147.68,0.503,1.766,0.019,1.4257373518700855
147.68,0.564,1.642,0.016,1.0551146024520768
147.68,0.533,1.949,0.017,1.3146573376111954
147.68,0.569,1.733,0.017,1.4746988388383837
147.69,0.573,1.627,0.018,1.485098015349279
147.69,0.536,1.68,0.018,1.4579132020198304
147.69,0.588,1.996,0.017,1.4619959890177663
147.69,0.506,1.709,0.017,1.1845662086842932
147.7,0.535,1.919,0.019,1.4473816297629984
147.7,0.546,1.817,0.018,1.199554328285114
147.7,0.553,1.516,0.016,1.1073147074803678
147.71,0.525,1.968,0.017,1.0817870722967182
147.72,0.517,1.767,0.016,1.4071997048479252
147.72,0.54,1.817,0.019,1.1824915596221528
147.73,0.544,1.993,0.017,1.3723176688300345
147.73,0.512,1.952,0.019,1.207640456192029
147.74,0.55,1.847,0.017,1.4958443161208952
147.75,0.519,1.52,0.017,1.4101626349068692
147.76,0.552,1.986,0.017,1.2227322626477695
147.79,0.533,1.804,0.016,1.4485912818122477
147.8,0.524,1.975,0.016,1.0806243977859489
147.8,0.513,1.558,0.015,1.356571845289081
147.8,0.582,1.583,0.016,1.0131378438529834
147.81,0.55,1.694,0.015,1.1132329940444468
147.81,0.55,1.79,0.018,1.0302709130057217
147.81,0.511,1.584,0.018,1.3736019984700618
147.81,0.5,1.606,0.018,1.118452083541257
147.81,0.557,1.787,0.018,1.3653769570568728
147.82,0.518,1.694,0.016,1.4190924936072602
147.82,0.565,1.53,0.018,1.2648669767882206
147.82,0.58,1.665,0.018,1.4941338851197328
147.82,0.534,1.785,0.019,1.1357075519781632
147.83,0.575,1.556,0.016,1.2049510290361907
147.83,0.516,1.547,0.016,1.0047822666283759
147.85,0.515,1.568,0.016,1.045758984280172
147.86,0.508,1.805,0.015,1.0710173447527425
147.86,0.521,1.828,0.015,1.3863399384759338
147.86,0.527,1.759,0.017,1.2497290859643329
147.86,0.543,1.983,0.018,1.2630290266367306
147.86,0.5,1.729,0.017,1.3924308961727072
147.87,0.513,1.721,0.016,1.3903528064095239
147.87,0.579,1.507,0.019,1.353469033351623
147.87,0.555,1.5,0.017,1.0781505764644683
147.87,0.59,1.504,0.019,1.3204014724152315
147.88,0.513,1.928,0.018,1.3715109991392596
147.89,0.514,1.501,0.016,1.1653871424975537
147.9,0.585,1.568,0.018,1.3388990713687965
147.9,0.505,1.783,0.017,1.1349048337522019
147.9,0.534,1.541,0.015,1.0899038018657268
147.91,0.591,1.725,0.015,1.1826974443666551
147.91,0.5,1.783,0.018,1.350861647609333
147.91,0.567,1.857,0.018,1.0310830812719443
147.92,0.577,1.979,0.017,1.333070309740834
147.92,0.581,1.642,0.018,1.0021076925187948
147.92,0.53,1.969,0.018,1.4825865283417436
147.93,0.544,1.998,0.019,1.4193513351926956
147.93,0.502,1.739,0.015,1.194026610395433
147.93,0.547,1.627,0.015,1.374157528586872
147.94,0.532,1.693,0.019,1.1839811754900271
147.94,0.578,1.734,0.019,1.0576483691793839
147.95,0.518,1.834,0.016,1.3721340926280965
147.95,0.527,1.755,0.018,1.4238576893409127
147.95,0.538,1.773,0.018,1.1311599176552751
147.95,0.58,1.786,0.015,1.3265980133052238
147.95,0.533,1.901,0.019,1.0777939231218263
147.95,0.571,1.936,0.018,1.131903133498394
147.95,0.511,1.753,0.018,1.0632313801529554
147.96,0.522,1.697,0.019,1.3229663110431187
147.97,0.532,1.841,0.016,1.173298969348487
147.98,0.555,1.548,0.016,1.3648359505417653
147.99,0.537,1.572,0.016,1.2298091859995082
148.0,0.527,1.991,0.016,1.4020736117279822
148.0,0.555,1.671,0.019,1.203491734451971
148.0,0.533,1.637,0.016,1.4381242471809885
148.01,0.544,1.94,0.019,1.1886202336327865
148.02,0.549,1.568,0.016,1.3476159377947758
148.03,0.504,1.87,0.017,1.1238218747029607
148.03,0.519,1.961,0.017,1.1187826380991204
148.03,0.554,1.607,0.019,1.2345111371118682
148.05,0.581,1.57,0.015,1.3608125983493382
148.05,0.561,1.674,0.016,1.1716865335257434
148.06,0.517,1.729,0.015,1.4382593512713662
148.06,0.586,1.943,0.015,1.1487776268063778
148.06,0.524,1.561,0.015,1.4486333743893742
148.08,0.537,1.757,0.019,1.1618805427901155
148.08,0.559,1.534,0.016,1.1637190291779507
148.08,0.554,1.639,0.017,1.0142804751461065
148.08,0.592,1.774,0.016,1.0913871794231045
148.08,0.538,1.975,0.019,1.0874281989621841
148.11,0.539,1.946,0.019,1.0080430435534844
148.12,0.551,1.732,0.019,1.2785440997291344
148.13,0.59,1.737,0.016,1.0882260130905894
148.13,0.532,1.721,0.019,1.334287725117951
148.14,0.569,1.86,0.019,1.1117698913481902
148.15,0.579,1.732,0.016,1.4273683053118535
148.16,0.508,1.95,0.017,1.2758986211449832
148.16,0.523,1.998,0.015,1.4170591315783239
148.16,0.551,1.503,0.017,1.144343930281036
148.16,0.591,1.775,0.016,1.2054700367368902
148.17,0.546,1.649,0.018,1.2551353647538852
148.17,0.563,1.763,0.015,1.2420885105336188
148.18,0.564,1.579,0.019,1.4296608652132485
148.18,0.56,1.946,0.017,1.4648889857954106
148.19,0.536,1.56,0.019,1.1441030683646793
148.19,0.548,1.71,0.018,1.4920138933675031
148.2,0.541,1.931,0.016,1.289383657959863
148.2,0.501,1.891,0.017,1.4906744476694793
148.21,0.501,1.652,0.019,1.018429263882515
148.22,0.581,1.692,0.017,1.2835235881791207
148.22,0.561,1.685,0.017,1.3916551296677895
148.23,0.521,1.74,0.015,1.0984549355798188
148.24,0.538,1.566,0.018,1.3721372170398205
148.24,0.509,1.833,0.015,1.4290594301698207
148.26,0.578,1.857,0.016,1.3187519548658002
148.26,0.52,1.857,0.017,1.1625700617657815
148.27,0.531,1.749,0.018,1.4044749549864433
148.27,0.518,1.761,0.018,1.1327688902698045
148.27,0.532,1.515,0.016,1.3762369199459838
148.27,0.589,1.526,0.018,1.077574144036028
148.28,0.532,1.908,0.015,1.4708828853960167
148.28,0.524,1.67,0.019,1.3596605746941974
148.28,0.517,1.97,0.015,1.4926139442152275
148.28,0.556,1.708,0.019,1.3760393165781641
148.28,0.503,1.822,0.016,1.2842430966954528
148.28,0.54,1.94,0.018,1.3435851301118977
148.29,0.539,1.862,0.018,1.4138765845074968
148.3,0.505,1.739,0.016,1.191829581115035
148.3,0.519,1.69,0.019,1.0269639072874956
148.3,0.563,1.927,0.019,1.2439476611383529
148.3,0.538,1.587,0.017,1.364001452802741
148.32,0.519,1.543,0.017,1.4823099681945524
148.32,0.551,1.597,0.018,1.061404130948729
148.32,0.566,1.57,0.017,1.3207043743102171
148.32,0.562,1.709,0.015,1.0652284005949562
148.32,0.537,1.866,0.015,1.4634197362777486
148.32,0.55,1.94,0.018,1.4151110595545655
148.33,0.564,1.662,0.016,1.1362586221388007
148.34,0.507,1.776,0.018,1.2827812692524574
148.36,0.562,1.823,0.015,1.2263723269910052
148.36,0.595,1.73,0.019,1.0954689444069474
148.36,0.531,1.589,0.019,1.1414109187041022
148.36,0.505,1.653,0.016,1.024576606622119
148.37,0.538,1.524,0.015,1.012073833741193
148.37,0.576,1.831,0.017,1.4269617971229094
148.37,0.502,1.999,0.019,1.0995229425393562
148.37,0.562,1.657,0.018,1.1812101047289294
148.38,0.563,1.713,0.018,1.4881022632824
148.38,0.562,1.876,0.017,1.0002399508459043
148.4,0.575,1.571,0.018,1.4580015863721227
148.4,0.534,1.603,0.017,1.0131199724409492
148.4,0.559,1.653,0.015,1.4574117665921218
148.41,0.59,1.54,0.018,1.1645824205559667
148.41,0.543,1.639,0.019,1.498456860054626
148.42,0.508,1.645,0.017,1.2773119070297907
148.42,0.536,1.811,0.015,1.0603714074419326
148.43,0.503,1.817,0.018,1.2194802509949327
148.43,0.584,1.736,0.015,1.3935179775640707
148.44,0.555,1.502,0.016,1.4601076855165442
148.44,0.543,1.503,0.017,1.175685872501715
148.44,0.571,1.641,0.019,1.3579910156344726
148.44,0.524,1.564,0.016,1.3227719714671704
148.44,0.52,1.636,0.015,1.2022089371768772
148.44,0.538,1.825,0.016,1.2226378537703326
148.45,0.516,1.744,0.015,1.1772005538029755
148.46,0.59,1.628,0.017,1.4860815273851733
148.46,0.55,1.827,0.015,1.1266193825370376
148.46,0.57,1.821,0.018,1.443757358681554
148.47,0.58,1.844,0.018,1.1726515360970193
148.47,0.597,1.564,0.015,1.2131036011403715
148.47,0.588,1.95,0.015,1.3868451847599088
148.47,0.547,1.565,0.017,1.3316771187412388
148.48,0.583,1.96,0.016,1.2218202205289055
148.48,0.503,1.765,0.015,1.301498215674496
148.48,0.566,1.545,0.017,1.0071585084643957
148.48,0.524,1.743,0.017,1.485170210784241
148.49,0.535,1.794,0.017,1.4368660453894992
148.49,0.551,1.659,0.016,1.00789219239273
148.49,0.544,1.618,0.017,1.2395502128147868
148.5,0.524,1.541,0.015,1.3234687546560828
148.5,0.547,1.796,0.016,1.1648215096098546
148.51,0.519,1.799,0.019,1.4926851121254048
148.52,0.525,1.8,0.016,1.391463500010013
148.54,0.548,1.989,0.018,1.2664816662880316
148.54,0.573,1.691,0.018,1.4692601131813086
148.54,0.536,1.652,0.019,1.3110732526924918
148.55,0.543,1.867,0.018,1.0584771853286958
148.55,0.555,1.769,0.019,1.2438404971762935
148.56,0.558,1.997,0.018,1.2765222039552837
148.56,0.516,1.989,0.016,1.361970020716562
148.56,0.515,1.727,0.015,1.0072450747714539
148.57,0.52,1.791,0.017,1.340761319984964
148.58,0.569,1.713,0.015,1.3001554799030002
148.59,0.564,1.862,0.015,1.3262886784837444
148.6,0.55,1.916,0.019,1.3519804607309385
148.6,0.569,1.873,0.016,1.0830656038459545
148.6,0.593,1.767,0.016,1.1587334340207738
148.61,0.547,1.95,0.019,1.1613990018554416
148.62,0.581,1.718,0.018,1.4339678371473696
148.62,0.58,1.502,0.019,1.3361786904867434
148.64,0.555,1.526,0.018,1.3909573548832581
148.64,0.566,1.611,0.015,1.1833218904898675
148.64,0.561,1.796,0.016,1.3265314166836775
148.64,0.514,1.574,0.015,1.0746922415741962
148.65,0.519,1.813,0.018,1.3194791548237594
148.65,0.593,1.681,0.018,1.1677211531636655
148.66,0.572,1.74,0.019,1.4522636361799255
148.67,0.563,1.636,0.016,1.2691232776246322
148.67,0.546,1.831,0.015,1.086591384214561
148.68,0.536,1.987,0.019,1.1902314706445363
148.69,0.507,1.891,0.017,1.0704235448696937
148.69,0.574,1.989,0.019,1.4349446491129756
148.7,0.554,1.793,0.018,1.0216623909641105
148.7,0.538,1.639,0.018,1.1121916139605372
148.72,0.591,1.914,0.017,1.0777640062746259
148.73,0.503,1.671,0.016,1.1065730217912613
148.74,0.554,1.626,0.016,1.3731583297372019
148.74,0.517,1.796,0.016,1.3781730677571251
148.75,0.5,1.646,0.015,1.4220828011813733
148.75,0.552,1.566,0.017,1.4784121851334864
148.75,0.524,1.588,0.017,1.279524676981059
148.76,0.524,1.86,0.015,1.3455520030179606
148.76,0.578,1.86,0.015,1.0454246457722522
148.77,0.533,1.618,0.015,1.152820709492612
148.77,0.563,1.811,0.018,1.321968586694541
148.77,0.567,1.643,0.015,1.1707327665756162
148.78,0.511,1.504,0.018,1.2238991417608007
148.78,0.506,1.826,0.015,1.0000077899279238
148.78,0.575,1.806,0.015,1.451935555302534
148.79,0.578,1.698,0.019,1.2496030112051075
148.79,0.587,1.675,0.016,1.3935754111045586
148.79,0.547,1.91,0.017,1.078091077721301
148.79,0.546,1.947,0.019,1.3046460374910962
148.8,0.549,1.862,0.018,1.410215247077335
148.8,0.526,1.911,0.017,1.3983065935973105
148.81,0.561,1.766,0.019,1.3302192583119883
148.81,0.597,1.949,0.019,1.4530049396338467
148.81,0.577,1.943,0.017,1.3063398329277602
148.82,0.545,1.686,0.019,1.1524352319250142
148.82,0.507,1.948,0.018,1.2723453429967502
148.83,0.52,1.841,0.018,1.2075058245240278
148.83,0.522,1.577,0.017,1.266744563400866
148.84,0.58,1.857,0.019,1.2627913792106986
148.84,0.509,1.578,0.016,1.215187305986957
148.84,0.578,1.71,0.017,1.457761658515846
148.85,0.596,1.817,0.018,1.3577796425791784
148.85,0.56,1.705,0.018,1.1602814676355364
148.87,0.532,1.842,0.017,1.444593564533923
148.88,0.516,1.765,0.016,1.181927158132058
148.88,0.522,1.894,0.017,1.449780195227635
148.88,0.562,1.888,0.016,1.4174708020174571
148.88,0.566,1.501,0.016,1.017709349053058
148.88,0.502,1.694,0.016,1.1951468849244002
148.9,0.579,1.805,0.017,1.4372309261046214
148.91,0.555,1.904,0.019,1.1254321504748606
148.91,0.533,1.629,0.015,1.01251332715842
148.91,0.505,1.816,0.019,1.4930583079569442
148.91,0.584,1.732,0.016,1.2987918255279634
148.92,0.532,1.774,0.016,1.0991722891585134
148.92,0.582,1.717,0.018,1.4429168447073335
148.92,0.528,1.853,0.016,1.3163499907649405
148.93,0.501,1.789,0.015,1.262000238031614
148.93,0.584,1.645,0.017,1.0985569623447329
148.93,0.586,1.525,0.016,1.1990546885843565
148.94,0.584,1.844,0.019,1.00098241365388
148.94,0.57,1.814,0.016,1.363980763038818
148.94,0.51,1.811,0.016,1.0962904469973127
148.95,0.565,1.806,0.015,1.060092940580349
148.95,0.548,1.812,0.017,1.0784477030808628
148.95,0.528,1.531,0.016,1.146456910200554
148.95,0.547,1.646,0.018,1.099183241523286
148.96,0.545,1.797,0.018,1.148064393924768
148.96,0.523,1.653,0.018,1.3252807787042242
148.96,0.508,1.559,0.019,1.0981364686879063
148.96,0.561,1.508,0.016,1.2626545934033218
148.97,0.541,1.572,0.017,1.2820749316075473
148.97,0.555,1.519,0.015,1.1711297417694206
148.97,0.591,1.692,0.018,1.3052087793247082
148.97,0.502,1.814,0.019,1.4567143353432213
148.98,0.514,1.849,0.016,1.1468507888334423
148.99,0.548,1.638,0.016,1.4570273512996108
148.99,0.552,1.83,0.019,1.0887100522474926
148.99,0.533,1.941,0.019,1.423828409515342
149.01,0.512,1.982,0.019,1.2287996744924699
149.01,0.513,1.952,0.016,1.2779675580531638
149.01,0.588,1.768,0.018,1.2945510594332608
149.02,0.575,1.769,0.015,1.1890755400837847
149.02,0.55,1.64,0.016,1.4576777062118214
149.02,0.549,1.912,0.015,1.310776800957421
149.02,0.558,1.653,0.017,1.2602884666652763
149.02,0.519,1.627,0.015,1.0394495143678961
149.03,0.53,1.972,0.017,1.1061870652435328
149.03,0.562,1.735,0.017,1.4662196707957276
149.04,0.503,1.809,0.016,1.4227199490468532
149.04,0.569,1.827,0.015,1.0317289413228576
149.05,0.581,1.968,0.015,1.090084479407452
149.05,0.51,1.844,0.019,1.4197002316547258
149.05,0.514,1.637,0.017,1.3033551234098162
149.05,0.502,1.509,0.019,1.2464538605324027
149.07,0.566,1.952,0.016,1.1429585566168063
149.07,0.538,1.569,0.016,1.3681984041576736
149.07,0.587,1.538,0.015,1.3156674623196993
149.08,0.561,1.976,0.015,1.1302629785666192
149.08,0.521,1.701,0.019,1.1148622853824248
149.09,0.502,1.813,0.016,1.2384461242531652
149.1,0.552,1.501,0.016,1.4618963396765339
149.1,0.527,1.583,0.016,1.4486429020629579
149.11,0.588,1.5,0.018,1.1055951139522189
149.11,0.537,1.771,0.018,1.2121933998582275
149.11,0.532,1.695,0.016,1.4112020389071769
149.12,0.524,1.987,0.017,1.0434151897997554
149.12,0.555,1.938,0.019,1.4754409768645362
149.12,0.502,1.707,0.018,1.2380123147978588
149.13,0.505,1.845,0.016,1.3670106199871026
149.14,0.506,1.916,0.015,1.3708953405147335
149.15,0.579,1.95,0.017,1.2234851047144126
149.15,0.571,1.987,0.016,1.1520751821178332
149.15,0.529,1.992,0.019,1.1316764679395093
149.15,0.565,1.973,0.017,1.1217665629244347
149.15,0.511,1.526,0.017,1.4830141504260603
149.15,0.558,1.809,0.015,1.3181304386211177
149.16,0.553,1.935,0.018,1.4217968473149056
149.16,0.571,1.888,0.015,1.2278489973582822
149.17,0.567,1.535,0.019,1.2012845951200932
149.18,0.518,1.811,0.016,1.186752102664446
149.18,0.577,1.805,0.015,1.1404059046825967
149.18,0.583,1.844,0.017,1.3908520834661406
149.19,0.565,1.935,0.016,1.314051223778463
149.2,0.519,1.54,0.015,1.0853128586777872
149.2,0.507,1.877,0.017,1.0943929363102713
149.2,0.524,1.689,0.017,1.0872260960344848
149.21,0.572,1.578,0.019,1.3762041895319501
149.21,0.598,1.942,0.019,1.439233274173779
149.21,0.532,1.749,0.017,1.0923026590997678
149.21,0.537,1.716,0.017,1.3410522802364742
149.21,0.551,1.597,0.016,1.4734448463918792
149.21,0.587,1.949,0.019,1.1009303563406398
149.21,0.538,1.655,0.018,1.0284212131847494
149.22,0.508,1.653,0.017,1.394895703759015
149.22,0.581,1.654,0.016,1.3513044173878663
149.23,0.531,1.672,0.019,1.3875985431375313
149.24,0.595,1.69,0.016,1.1700314552732527
149.24,0.55,1.689,0.018,1.3933925460266703
149.25,0.54,1.681,0.016,1.3724967454306376
149.25,0.562,1.648,0.016,1.2616998907050399
149.25,0.5,1.884,0.016,1.281695559454263
149.26,0.511,1.518,0.015,1.1378006620815229
149.27,0.534,1.52,0.018,1.232867195728679
149.27,0.591,1.903,0.019,1.497280498154361
149.27,0.557,1.941,0.019,1.4338881246962591
149.28,0.533,1.695,0.016,1.12451576386561
149.29,0.511,1.882,0.017,1.1005057906387519
149.31,0.585,1.614,0.019,1.268217190042685
149.31,0.591,1.564,0.018,1.4273343357106467
149.31,0.585,1.754,0.017,1.474269746017291
149.31,0.543,1.647,0.016,1.113200943381137
149.31,0.514,1.63,0.016,1.1890547940099636
149.33,0.551,1.756,0.019,1.1716312657385055
149.33,0.536,1.993,0.019,1.1835484530971552
149.34,0.54,1.597,0.018,1.1127530570453086
149.35,0.572,1.557,0.018,1.364920076109506
149.36,0.563,1.8,0.017,1.1315735709231767
149.36,0.531,1.673,0.018,1.4647459063258352
149.36,0.523,1.564,0.018,1.308623404615759
149.37,0.521,1.616,0.019,1.1681554749178251
149.38,0.541,1.887,0.019,1.2507504334385702
149.38,0.539,1.714,0.019,1.003614400690604
149.38,0.584,1.595,0.015,1.4482163643317079
149.38,0.584,1.755,0.017,1.011120020180536
149.39,0.552,1.636,0.018,1.2331770724141602
149.39,0.508,1.993,0.019,1.3437253882526379
149.4,0.559,1.972,0.019,1.4338840521924159
149.4,0.573,1.633,0.018,1.2708004691846422
149.42,0.522,1.582,0.018,1.4887645316523344
149.42,0.536,1.604,0.017,1.4545022856892467
149.43,0.594,1.583,0.016,1.4273625933290428
149.43,0.575,1.528,0.017,1.2911026580076497
149.43,0.57,1.519,0.019,1.346744780361551
149.43,0.574,1.936,0.017,1.4603611912878647
149.43,0.555,1.705,0.019,1.282675818057779
149.44,0.551,1.52,0.016,1.4265771971761774
149.44,0.584,1.504,0.017,1.2503859287402412
149.44,0.586,1.884,0.018,1.1376750480431495
149.46,0.591,1.915,0.018,1.3821642433458985
149.46,0.528,1.665,0.017,1.376424053828048
149.46,0.509,1.994,0.017,1.429479673775005
149.47,0.547,1.628,0.016,1.171971924733818
149.47,0.559,1.556,0.019,1.094333347564402
149.47,0.555,1.546,0.015,1.0665663823161027
149.47,0.502,1.998,0.017,1.0758967575692404
149.49,0.542,1.721,0.016,1.1666154714031554
149.51,0.562,1.649,0.017,1.3495661536433108
149.52,0.588,1.603,0.017,1.1894607148054746
149.54,0.503,1.906,0.016,1.3308728362936189
149.54,0.554,1.747,0.015,1.243700567847244
149.55,0.517,1.891,0.019,1.0953792626582863
149.55,0.503,1.67,0.017,1.1310053063903789
149.55,0.599,1.665,0.015,1.130570436175272
149.55,0.509,1.512,0.019,1.1734813170243379
149.55,0.596,1.836,0.019,1.3499778104110298
149.55,0.548,1.928,0.016,1.1952460599504324
149.55,0.589,1.654,0.018,1.3664633521650575
149.56,0.533,1.97,0.017,1.0997859734990827
149.56,0.561,1.58,0.015,1.1726673387222672
149.56,0.597,1.657,0.015,1.3921762898560208
149.56,0.514,1.739,0.015,1.0892257821437166
149.56,0.516,1.634,0.017,1.4275479506004702
149.56,0.515,1.571,0.016,1.2782857936618028
149.56,0.549,1.744,0.015,1.168984281741735
149.57,0.523,1.941,0.016,1.4136083456279798
149.57,0.524,1.977,0.018,1.1286501149385906
149.58,0.535,1.931,0.017,1.4834274514585406
149.58,0.577,1.646,0.019,1.3683738682252982
149.58,0.551,1.818,0.016,1.2894202559020753
149.59,0.548,1.531,0.017,1.319994662129886
149.59,0.547,1.868,0.015,1.1379862950610657
149.59,0.523,1.514,0.018,1.3689482094543848
149.6,0.515,1.852,0.019,1.017922030086707
149.6,0.58,1.571,0.018,1.2492916686703888
149.6,0.543,1.696,0.018,1.3025988315300845
149.61,0.51,1.698,0.018,1.239886226553286
149.61,0.547,1.816,0.016,1.083200719839583
149.63,0.5,1.782,0.019,1.1386309226457005
149.64,0.506,1.999,0.016,1.1101299607997555
149.64,0.57,1.839,0.019,1.4334876907040164
149.64,0.526,1.677,0.019,1.2869006861913879
149.65,0.588,1.521,0.017,1.3119314530087474
149.66,0.584,1.757,0.018,1.1532838397588732
149.67,0.579,1.85,0.017,1.369394257174162
149.67,0.553,1.647,0.016,1.49813845687908
149.67,0.56,1.931,0.017,1.3788109274448352
149.68,0.532,1.776,0.015,1.2315236954976563
149.68,0.577,1.694,0.015,1.1689967548629219
149.68,0.517,1.63,0.016,1.346021909384269
149.69,0.592,1.683,0.019,1.3007484115884478
149.69,0.537,1.556,0.017,1.2508824415608546
149.7,0.548,1.764,0.015,1.3010774011075843
149.71,0.54,1.828,0.019,1.3280369855284784
149.72,0.551,1.871,0.016,1.4496578604984132
149.72,0.594,1.685,0.019,1.4132533141783106
149.73,0.512,1.616,0.015,1.1822316973568334
149.74,0.517,1.972,0.016,1.4123216927265752
149.75,0.538,1.841,0.015,1.3392166064418862
149.76,0.529,1.834,0.018,1.1550989785798498
149.76,0.557,1.601,0.015,1.2154476728186014
149.76,0.585,1.502,0.016,1.2324082363885789
149.76,0.528,1.502,0.019,1.0594484899213126
149.76,0.565,1.93,0.018,1.3950540396907516
149.77,0.52,1.715,0.019,1.3175273228134716
149.77,0.524,1.777,0.015,1.3237745531272718
149.78,0.581,1.504,0.015,1.2396774158106418
149.78,0.574,1.656,0.016,1.0585197119816783
149.79,0.532,1.874,0.015,1.3620144737796553
149.79,0.55,1.761,0.016,1.1135324023555109
149.8,0.568,1.888,0.015,1.2623559908298367
149.8,0.523,1.815,0.015,1.0207980438036661
149.8,0.537,1.98,0.017,1.3372929186367661
149.8,0.501,1.645,0.018,1.2871298478112774
149.8,0.582,1.849,0.015,1.3994416417364242
149.82,0.513,1.968,0.015,1.2204678987815218
149.84,0.507,1.889,0.015,1.2969693079391778
149.84,0.564,1.562,0.019,1.420909293426217
149.84,0.598,1.555,0.019,1.039351640901785
149.85,0.574,1.667,0.017,1.0531625016931416
149.85,0.584,1.912,0.016,1.175312747011673
149.87,0.516,1.733,0.017,1.1709157866051867
149.87,0.561,1.603,0.015,1.304324526340035
149.89,0.523,1.915,0.019,1.447775775724326
149.89,0.55,1.62,0.018,1.3788078344196604
149.9,0.561,1.947,0.019,1.349048212325402
149.92,0.514,1.756,0.017,1.3027847579057763
149.93,0.525,1.512,0.017,1.1592206320825476
149.93,0.545,1.514,0.017,1.368422149867385
149.93,0.532,1.985,0.015,1.3499499096259673
149.94,0.545,1.631,0.015,1.1979163762100846
149.94,0.528,1.626,0.019,1.0713547005569013
149.94,0.57,1.618,0.015,1.186886279010267
149.94,0.571,1.996,0.016,1.3641569376370097
149.94,0.517,1.573,0.015,1.2872569753756362
149.95,0.518,1.743,0.016,1.4485077762303873
149.95,0.558,1.849,0.017,1.313411454350456
149.95,0.523,1.514,0.017,1.3479496750255362
149.95,0.578,1.846,0.019,1.3675634837366824
149.96,0.52,1.736,0.016,1.2386219317458247
149.97,0.599,1.983,0.016,1.243852354871563
149.98,0.582,1.919,0.018,1.0130483384947497
149.99,0.542,1.825,0.015,1.2748866474024936
