2190.0,0.523,1.997,0.017,1.1019270795507823
2190.01,0.568,1.58,0.019,1.1659132192067596
2190.01,0.565,1.599,0.018,1.2492608215200056
2190.03,0.59,1.994,0.017,1.3587216766220764
2190.03,0.511,1.633,0.015,1.2019306212839984
2190.03,0.587,1.705,0.015,1.1164258365910533
2190.03,0.515,1.917,0.019,1.0800197873517632
2190.04,0.588,1.773,0.018,1.2155064006464256
2190.05,0.523,1.573,0.019,1.303135234045083
2190.06,0.561,1.554,0.016,1.363635898401746
2190.06,0.573,1.91,0.019,1.3310513047636767
2190.08,0.503,1.844,0.018,1.1129239719871649
2190.08,0.526,1.822,0.017,1.1742722601260869
2190.09,0.564,1.757,0.015,1.2910310646249394
2190.09,0.517,1.768,0.017,1.3907693556354843
2190.09,0.574,1.575,0.019,1.497593653200965
2190.09,0.51,1.536,0.019,1.1378069009123337
2190.09,0.534,1.615,0.015,1.309467927531084
2190.1,0.55,1.977,0.018,1.0906697304027289
2190.1,0.596,1.888,0.018,1.4913532159280514
2190.1,0.521,1.712,0.017,1.2389328822785113
2190.11,0.556,1.806,0.018,1.0442856897012298
2190.11,0.551,1.578,0.017,1.372617173830451
2190.11,0.533,1.565,0.018,1.244801947992914
2190.11,0.565,1.697,0.017,1.0992595085124102
2190.11,0.563,1.619,0.019,1.24109869398561
2190.12,0.506,1.698,0.015,1.4802722600332938
2190.12,0.581,1.843,0.019,1.252269475662463
2190.13,0.577,1.91,0.015,1.125690809623681
2190.13,0.5,1.575,0.017,1.3757503003778435
2190.13,0.529,1.629,0.015,1.0101294890426569
2190.13,0.559,1.797,0.016,1.1776360890499709
2190.14,0.527,1.581,0.015,1.434025311019897
2190.14,0.556,1.512,0.015,1.3355450456735407
2190.15,0.533,1.966,0.016,1.471434070741668
2190.15,0.559,1.65,0.015,1.194546342962801
2190.17,0.502,1.768,0.019,1.255247809731883
2190.17,0.578,1.591,0.015,1.3354553873789536
2190.19,0.573,1.968,0.019,1.1256479094790068
2190.19,0.562,1.801,0.017,1.12694498440197
2190.19,0.567,1.685,0.017,1.3861550245913987
2190.2,0.508,1.838,0.018,1.3467005491964037
2190.2,0.588,1.665,0.015,1.3000650423080984
2190.2,0.575,1.663,0.018,1.3483934122859094
2190.21,0.501,1.963,0.018,1.4889473973565588
2190.21,0.545,1.746,0.016,1.2285890203105017
2190.21,0.502,1.504,0.015,1.15841552788049
2190.22,0.577,1.663,0.019,1.041085911997215
2190.22,0.591,1.594,0.019,1.1654391744471548
2190.22,0.513,1.875,0.016,1.461874411101661
2190.22,0.571,1.922,0.015,1.1562778546203327
2190.22,0.504,1.834,0.018,1.4094500781027255
2190.22,0.558,1.84,0.017,1.4077793089728072
2190.23,0.55,1.656,0.019,1.2876095585984446
2190.24,0.56,1.63,0.016,1.3432133785036418
2190.24,0.51,1.682,0.019,1.234313368345196
2190.24,0.591,1.606,0.018,1.1372381401258338
2190.24,0.553,1.766,0.015,1.0350895824321913
2190.24,0.572,1.956,0.015,1.350932447969445
2190.25,0.525,1.667,0.015,1.154860489526086
2190.25,0.587,1.71,0.017,1.2759683667621056
2190.25,0.59,1.767,0.018,1.1695903632298064
2190.26,0.505,1.956,0.019,1.174114641401414
2190.26,0.501,1.612,0.016,1.0937631116133373
2190.28,0.591,1.761,0.018,1.3327407368543387
2190.28,0.57,1.713,0.017,1.36918133471139
2190.29,0.538,1.597,0.018,1.067928908067759
2190.29,0.55,1.884,0.016,1.1991606154113943
2190.3,0.579,1.885,0.019,1.3632835813001853
2190.3,0.537,1.826,0.016,1.0887475692719781
2190.31,0.502,1.977,0.018,1.1150088619686194
2190.32,0.503,1.965,0.016,1.2809721548654625
2190.32,0.581,1.875,0.015,1.2055333280734508
2190.32,0.521,1.952,0.018,1.1018289830139758
2190.32,0.502,1.731,0.015,1.0771087538863824
2190.34,0.504,1.567,0.017,1.1058857073909671
2190.34,0.513,1.643,0.016,1.3261048168411578
2190.35,0.586,1.903,0.018,1.399753888997405
2190.36,0.56,1.996,0.015,1.3635122990751363
2190.36,0.504,1.635,0.018,1.3316925286967505
2190.36,0.526,1.681,0.015,1.3187162022280179
2190.37,0.528,1.841,0.016,1.0290576166092635
2190.37,0.586,1.872,0.017,1.351775140837421
2190.37,0.553,1.622,0.018,1.1467631355403833
2190.37,0.53,1.921,0.019,1.2275465267764525
2190.38,0.58,1.903,0.017,1.3267611255207636
2190.39,0.574,1.881,0.019,1.0860129580866986
2190.39,0.528,1.673,0.018,1.3735555882469532
2190.4,0.535,1.564,0.016,1.2387316686319467
2190.41,0.528,1.7,0.019,1.4476935955197066
2190.41,0.53,1.617,0.019,1.3703665227551651
2190.41,0.573,1.667,0.017,1.3580186472935925
2190.42,0.535,1.709,0.017,1.1280114147911204
2190.44,0.544,1.905,0.019,1.1231323032174412
2190.44,0.529,1.873,0.018,1.060977614374113
2190.45,0.539,1.826,0.017,1.1314551703416915
2190.45,0.519,1.717,0.016,1.3828104069560647
2190.45,0.523,1.541,0.016,1.2218033769332795
2190.45,0.575,1.639,0.019,1.0706707003947908
2190.45,0.558,1.754,0.018,1.3482298240253994
2190.46,0.575,1.85,0.018,1.2712707414579199
2190.46,0.592,1.688,0.017,1.0254922355566731
2190.47,0.584,1.573,0.018,1.2044952737174488
2190.47,0.568,1.5,0.019,1.186859619891833
2190.47,0.544,1.923,0.016,1.0927949575050517
2190.48,0.514,1.947,0.019,1.4920696347166655
2190.48,0.59,1.508,0.015,1.349719460016835
2190.48,0.594,1.874,0.017,1.2752671631209698
2190.49,0.595,1.622,0.017,1.432844582854661
2190.52,0.527,1.631,0.015,1.310293789804899
2190.52,0.506,1.844,0.019,1.2898957167951306
2190.52,0.58,1.685,0.019,1.319043267836541
2190.53,0.584,1.737,0.015,1.496639809196664
2190.54,0.564,1.653,0.018,1.0018618169031153
2190.54,0.518,1.872,0.019,1.093026204802702
2190.54,0.533,1.73,0.019,1.2422287132700602
2190.55,0.579,1.892,0.018,1.200077930226929
2190.55,0.589,1.608,0.019,1.2199839173304134
2190.55,0.534,1.562,0.015,1.447550535139052
2190.55,0.577,1.917,0.019,1.4082712154821322
2190.55,0.553,1.624,0.016,1.3204524776167041
2190.55,0.588,1.552,0.017,1.413362996253536
2190.56,0.592,1.754,0.017,1.4140807022704072
2190.56,0.54,1.73,0.018,1.2121108742071773
2190.56,0.519,1.51,0.017,1.2783695299998663
2190.57,0.534,1.956,0.015,1.3680676093945963
2190.57,0.571,1.775,0.015,1.1112181029586485
2190.58,0.562,1.919,0.015,1.2348954975783193
2190.58,0.523,1.544,0.017,1.1778002553473377
2190.59,0.588,1.839,0.019,1.4404321917296763
2190.59,0.533,1.667,0.019,1.4336028647739627
2190.6,0.574,1.702,0.019,1.1270299656212504
2190.61,0.529,1.732,0.019,1.0985829224614063
2190.62,0.502,1.999,0.019,1.0622280327257148
2190.62,0.598,1.606,0.018,1.1741608445836593
2190.63,0.519,1.725,0.015,1.0858487337390306
2190.63,0.585,1.591,0.017,1.0099936034514745
2190.63,0.568,1.71,0.017,1.2832064240679506
2190.63,0.592,1.607,0.019,1.3833999606202
2190.65,0.573,1.694,0.015,1.1468160367033025
2190.66,0.544,1.734,0.018,1.2202331895196479
2190.66,0.551,1.672,0.016,1.3142684873171941
2190.67,0.502,1.741,0.018,1.1978555141755676
2190.67,0.511,1.943,0.018,1.493756533690126
2190.67,0.525,1.687,0.017,1.1445831889564637
2190.68,0.576,1.527,0.016,1.3200876981974599
2190.69,0.543,1.795,0.016,1.2924382854147203
2190.69,0.508,1.757,0.018,1.216681507403718
2190.69,0.543,1.704,0.017,1.0048330184593093
2190.69,0.538,1.545,0.019,1.3007996841097502
2190.69,0.569,1.601,0.017,1.4713530925855125
2190.7,0.542,1.582,0.016,1.3159208973213645
2190.72,0.519,1.517,0.018,1.4114582433104341
2190.72,0.577,1.826,0.015,1.2237327236641602
2190.73,0.591,1.961,0.018,1.3140689843192448
2190.74,0.548,1.695,0.017,1.059692618312853
2190.74,0.551,1.767,0.015,1.4372547703716096
2190.75,0.576,1.767,0.018,1.4857154600058777
2190.75,0.539,1.507,0.015,1.3211369582140402
2190.75,0.522,1.783,0.017,1.2687031220625187
2190.76,0.539,1.917,0.019,1.0867831849762266
2190.76,0.547,1.872,0.018,1.1923625566294407
2190.77,0.555,1.583,0.017,1.0707131194059545
2190.78,0.558,1.517,0.018,1.0740327725763656
2190.79,0.557,1.815,0.015,1.4445669872976996
2190.79,0.576,1.608,0.018,1.3958161370848527
2190.79,0.538,1.736,0.016,1.0496492489351759
2190.8,0.558,1.813,0.017,1.1677373742430246
2190.81,0.553,1.915,0.019,1.1892860133045238
2190.81,0.583,1.918,0.019,1.193740065650141
2190.82,0.575,1.951,0.015,1.2688885923701032
2190.83,0.506,1.834,0.015,1.1339134512971891
2190.84,0.502,1.838,0.017,1.0820669278177368
2190.84,0.595,1.515,0.015,1.4956055042409
2190.85,0.584,1.607,0.016,1.47609118694984
2190.85,0.555,1.555,0.015,1.1464507644993582
2190.86,0.547,1.817,0.019,1.2055579742838614
2190.86,0.571,1.992,0.019,1.2234314281950538
2190.86,0.564,1.731,0.016,1.1654154362592175
2190.86,0.531,1.707,0.019,1.2128377462402957
2190.87,0.556,1.549,0.017,1.3704075665278739
2190.87,0.574,1.789,0.019,1.0240586677654449
2190.88,0.595,1.746,0.019,1.465987000994264
2190.89,0.519,1.718,0.017,1.4018503204073753
2190.89,0.515,1.664,0.015,1.4024539122680963
2190.9,0.537,1.647,0.017,1.3315668189468495
2190.91,0.589,1.737,0.015,1.3257357238135874
2190.91,0.513,1.812,0.019,1.332534803648926
2190.91,0.534,1.862,0.015,1.1070943862870206
2190.92,0.587,1.712,0.017,1.4374289421939812
2190.93,0.515,1.961,0.019,1.262198634997422
2190.94,0.577,1.729,0.019,1.3238959733277957
2190.94,0.525,1.78,0.017,1.180952436993555
2190.94,0.523,1.838,0.018,1.4983633001014613
2190.94,0.586,1.892,0.017,1.4480170193049886
2190.94,0.524,1.512,0.016,1.2093310021376666
2190.95,0.589,1.797,0.015,1.2310663826062134
2190.95,0.53,1.795,0.019,1.4923208026648966
2190.95,0.58,1.702,0.019,1.3330714171440383
2190.96,0.516,1.636,0.015,1.1459783755253106
2190.96,0.581,1.632,0.016,1.0257589612920315
2190.96,0.546,1.904,0.019,1.253496226801034
2190.96,0.509,1.654,0.016,1.0095017626494636
2190.97,0.525,1.879,0.019,1.4470759003590912
2190.97,0.586,1.753,0.016,1.2416670096872289
2190.98,0.514,1.519,0.019,1.4999600520610574
2190.99,0.532,1.926,0.018,1.2562722182519421
2190.99,0.525,1.77,0.019,1.1287306138849733
2190.99,0.521,1.829,0.019,1.3665861583682228
2191.01,0.531,1.753,0.017,1.1047501053175546
2191.01,0.588,1.532,0.016,1.1716651471706276
2191.02,0.57,1.986,0.018,1.4033606365586642
2191.02,0.557,1.676,0.016,1.148927021073629
2191.02,0.576,1.622,0.015,1.025974654525062
2191.02,0.557,1.995,0.019,1.3484501258973538
2191.03,0.577,1.511,0.019,1.3330360639719028
2191.03,0.599,1.711,0.019,1.3749605747991174
2191.03,0.548,1.945,0.019,1.0649775594732112
2191.04,0.503,1.972,0.016,1.0106557143138284
2191.04,0.53,1.975,0.016,1.3536905936328436
2191.05,0.546,1.978,0.019,1.2440031854180693
2191.05,0.503,1.857,0.016,1.2528322594543666
2191.05,0.548,1.873,0.015,1.4138785158995737
2191.05,0.511,1.626,0.019,1.1105715481585892
2191.05,0.596,1.821,0.016,1.4589161425079917
2191.05,0.563,1.933,0.016,1.2802827492391486
2191.05,0.595,1.734,0.016,1.3943990695094226
2191.06,0.501,1.849,0.019,1.3500504720811224
2191.06,0.514,1.95,0.017,1.4426040266081284
2191.07,0.516,1.95,0.016,1.24294477799851
2191.08,0.522,1.92,0.015,1.0945257460107838
2191.09,0.58,1.969,0.018,1.2784414343030857
2191.1,0.592,1.758,0.016,1.36615610475027
2191.1,0.562,1.743,0.017,1.024814304505453
2191.1,0.58,1.725,0.017,1.305494999302689
2191.1,0.554,1.993,0.015,1.1090782605020155
2191.1,0.504,1.804,0.017,1.327860927564236
2191.12,0.503,1.722,0.018,1.130149996557711
2191.12,0.57,1.74,0.017,1.453833478700481
2191.12,0.569,1.821,0.017,1.0055860015782063
2191.13,0.545,1.839,0.016,1.1192703346164405
2191.13,0.523,1.666,0.019,1.3694033384931361
2191.13,0.581,1.925,0.018,1.003235065584264
2191.14,0.579,1.619,0.015,1.0783420933247052
2191.14,0.536,1.567,0.015,1.4388727649130781
2191.15,0.503,1.957,0.017,1.3058335898666724
2191.15,0.541,1.712,0.019,1.4335413611332792
2191.15,0.503,1.819,0.019,1.4798666020751263
2191.15,0.51,1.876,0.017,1.034224747837
2191.16,0.58,1.787,0.019,1.3552889901229577
2191.16,0.537,1.678,0.018,1.3473239451675332
2191.17,0.515,1.824,0.015,1.490833519390034
2191.17,0.593,1.974,0.018,1.438423789695932
2191.18,0.549,1.566,0.018,1.0889203883022622
2191.18,0.541,1.61,0.015,1.1193239456156436
2191.19,0.566,1.549,0.017,1.0315494033194446
2191.2,0.563,1.875,0.017,1.1273605400767552
2191.2,0.514,1.898,0.019,1.3064490741512909
2191.21,0.581,1.587,0.019,1.4385982384371687
2191.21,0.513,1.642,0.016,1.4925762175758746
2191.21,0.586,1.991,0.017,1.482459253576332
2191.22,0.526,1.82,0.019,1.284394358734934
2191.22,0.525,1.792,0.017,1.0694978278753953
2191.22,0.541,1.835,0.018,1.1924006321011755
2191.23,0.51,1.718,0.018,1.2522987384382969
2191.23,0.566,1.613,0.018,1.3767161289303853
2191.23,0.592,1.683,0.015,1.3830249198028193
2191.23,0.573,1.962,0.015,1.3039513608823046
2191.24,0.599,1.875,0.019,1.1102340479412955
2191.25,0.599,1.9,0.019,1.0310626459540753
2191.25,0.542,1.682,0.019,1.0774019152572962
2191.25,0.534,1.639,0.016,1.3529664813651647
2191.26,0.51,1.555,0.017,1.1953203777244732
2191.26,0.554,1.911,0.018,1.0040575980732813
2191.27,0.53,1.56,0.017,1.3504733212061457
2191.27,0.532,1.701,0.016,1.2877701463353144
2191.27,0.509,1.696,0.017,1.1248323728893301
2191.28,0.526,1.659,0.017,1.1154450468354427
2191.28,0.526,1.822,0.015,1.238316475407362
2191.28,0.594,1.655,0.017,1.3775531947122848
2191.29,0.543,1.545,0.017,1.3996634977021138
2191.29,0.555,1.865,0.017,1.1853463001644877
2191.3,0.577,1.835,0.017,1.047780263270484
2191.3,0.545,1.698,0.015,1.2541427800402447
2191.3,0.597,1.997,0.019,1.1468603328530254
2191.33,0.536,1.796,0.015,1.0428183354131881
2191.33,0.534,1.808,0.019,1.3604446233728693
2191.35,0.556,1.657,0.019,1.0422450892647568
2191.35,0.513,1.892,0.017,1.4791277265520744
2191.36,0.528,1.696,0.016,1.315383271026962
2191.37,0.538,1.976,0.018,1.344866135913945
2191.37,0.511,1.88,0.015,1.1526552030069506
2191.38,0.505,1.729,0.017,1.2025293194902802
2191.39,0.546,1.978,0.015,1.2411418394222602
2191.39,0.546,1.865,0.019,1.0358835729867515
2191.4,0.591,1.5,0.015,1.2420596260320953
2191.4,0.563,1.752,0.017,1.0194288214991207
2191.41,0.583,1.663,0.019,1.0910270224862482
2191.42,0.533,1.88,0.015,1.2511304074348923
2191.42,0.575,1.876,0.015,1.3942638129223628
2191.42,0.536,1.628,0.015,1.3899601821432324
2191.42,0.534,1.691,0.017,1.3580775282971964
2191.43,0.575,1.751,0.016,1.107138850498847
2191.43,0.553,1.53,0.016,1.386353665407809
2191.44,0.504,1.695,0.019,1.1265754197683262
2191.44,0.59,1.606,0.016,1.3777992291302739
2191.44,0.573,1.89,0.017,1.2167229871924894
2191.44,0.553,1.849,0.017,1.1091565176574476
2191.45,0.532,1.803,0.015,1.0686084755267047
2191.45,0.574,1.832,0.019,1.4455541823864295
2191.46,0.597,1.692,0.015,1.105865459507291
2191.46,0.574,1.666,0.017,1.060512305497493
2191.5,0.581,1.577,0.018,1.0740973021107838
2191.5,0.523,1.87,0.019,1.0091318008537515
2191.51,0.553,1.985,0.015,1.174804537617874
2191.52,0.559,1.983,0.019,1.2205970489423381
2191.52,0.596,1.719,0.017,1.3603100461461857
2191.53,0.569,1.909,0.018,1.335582917648938
2191.53,0.56,1.611,0.015,1.1408710986863317
2191.54,0.502,1.635,0.017,1.0927734485356149
2191.54,0.505,1.88,0.019,1.0137578440413364
2191.54,0.584,1.917,0.019,1.380153736870558
2191.57,0.588,1.646,0.015,1.3535819148742694
2191.57,0.547,1.937,0.015,1.0456711410715624
2191.58,0.576,1.698,0.015,1.4750642846559576
2191.59,0.53,1.753,0.018,1.2725708187032385
2191.59,0.501,1.628,0.015,1.284506263807626
2191.59,0.595,1.603,0.016,1.0930866650076476
2191.6,0.509,1.823,0.019,1.0901728240351842
2191.6,0.598,1.643,0.016,1.078792365420049
2191.61,0.515,1.664,0.015,1.1513997531341684
2191.61,0.521,1.5,0.015,1.4108653478541822
2191.62,0.574,1.917,0.018,1.067065888711722
2191.63,0.528,1.637,0.015,1.3582948807663306
2191.63,0.531,1.612,0.016,1.0473933926825751
2191.63,0.559,1.802,0.017,1.257146140409715
2191.64,0.59,1.942,0.018,1.117252414772115
2191.64,0.587,1.548,0.018,1.2977786652515746
2191.65,0.551,1.674,0.016,1.1779122574359033
2191.65,0.599,1.984,0.017,1.246755522879626
2191.68,0.512,1.524,0.015,1.0186085287223567
2191.68,0.551,1.998,0.019,1.203327594003157
2191.68,0.534,1.654,0.015,1.0622645675167606
2191.68,0.557,1.581,0.016,1.235555151391834
2191.69,0.593,1.789,0.016,1.2353618888627
2191.69,0.51,1.757,0.019,1.0894269252415687
2191.7,0.518,1.853,0.017,1.2136638393698442
2191.7,0.5,1.578,0.017,1.0665803019930689
2191.71,0.53,1.949,0.018,1.1777955491688568
2191.72,0.569,1.821,0.016,1.1714923435395026
2191.72,0.577,1.555,0.016,1.3152019249720535
2191.72,0.55,1.787,0.018,1.0853076986123653
2191.73,0.545,1.702,0.019,1.4640495519520575
2191.73,0.535,1.946,0.016,1.15605367722349
2191.74,0.529,1.834,0.015,1.0464079024607467
2191.74,0.542,1.924,0.016,1.2272643898793778
2191.75,0.573,1.946,0.018,1.0529252790520893
2191.75,0.549,1.812,0.015,1.161250992554829
2191.76,0.551,1.711,0.019,1.4681624211129338
2191.76,0.514,1.938,0.015,1.251127214278187
2191.76,0.52,1.947,0.016,1.2708587316273876
2191.77,0.545,1.81,0.015,1.1834513726175235
2191.78,0.597,1.523,0.015,1.383922981578915
2191.79,0.536,1.68,0.019,1.4031822969078134
2191.8,0.554,1.844,0.018,1.0017937891196318
2191.81,0.528,1.758,0.018,1.1524184818925252
2191.81,0.521,1.976,0.015,1.3066553505717093
2191.81,0.598,1.771,0.015,1.3699706252647184
2191.82,0.516,1.691,0.016,1.0809277834940183
2191.83,0.517,1.703,0.017,1.4719214692299194
2191.84,0.565,1.568,0.015,1.2376931794965356
2191.84,0.581,1.836,0.016,1.186332013896557
2191.84,0.505,1.853,0.015,1.1991761988113645
2191.85,0.507,1.53,0.019,1.398523157139231
2191.85,0.579,1.529,0.015,1.266148920171212
2191.86,0.56,1.974,0.017,1.193868394660191
2191.86,0.515,1.812,0.016,1.3157785591993754
2191.87,0.571,1.731,0.018,1.1754874571696599
2191.87,0.529,1.848,0.017,1.0573614173670123
2191.89,0.584,1.784,0.019,1.0641561693072958
2191.89,0.591,1.846,0.015,1.2612807110519404
2191.89,0.581,1.612,0.015,1.092307052992728
2191.9,0.572,1.887,0.016,1.0307973383288924
2191.91,0.579,1.857,0.017,1.0842167089587154
2191.91,0.563,1.943,0.016,1.0093590295832484
2191.92,0.571,1.877,0.017,1.213347148131949
2191.92,0.552,1.655,0.019,1.4211254399741138
2191.94,0.51,1.552,0.017,1.366078973671876
2191.94,0.524,1.52,0.015,1.3100932772515288
2191.96,0.544,1.763,0.019,1.0522783052902638
2191.97,0.597,1.97,0.016,1.4275099074883613
2191.98,0.537,1.833,0.015,1.3049602991208795
2191.98,0.536,1.935,0.016,1.4292921747329004
2191.98,0.523,1.668,0.018,1.3526590613559342
2191.98,0.547,1.834,0.015,1.2667173904381177
2191.99,0.557,1.596,0.017,1.3552633521108135
2191.99,0.545,1.913,0.017,1.3016447201899557
2191.99,0.54,1.608,0.018,1.3805593497999522
2192.0,0.561,1.578,0.019,1.316624998758638
2192.01,0.562,1.568,0.016,1.0970906982378255
2192.02,0.565,1.983,0.016,1.3362944086688198
2192.02,0.574,1.697,0.016,1.0943767858541469
2192.02,0.585,1.687,0.017,1.1683371240349878
2192.02,0.507,1.881,0.016,1.140479079960297
2192.06,0.502,1.959,0.016,1.4397646638474701
2192.06,0.506,1.936,0.016,1.385599680933687
2192.07,0.57,1.681,0.016,1.0593046886647572
2192.07,0.596,1.753,0.017,1.4273205297690075
2192.07,0.581,1.562,0.019,1.3831721468299532
2192.08,0.554,1.609,0.018,1.2445583994635958
2192.08,0.558,1.693,0.015,1.3464447770368912
2192.09,0.562,1.886,0.017,1.1742396023413064
2192.09,0.54,1.954,0.015,1.3465820435344913
2192.11,0.579,1.567,0.018,1.3119861663394066
2192.11,0.538,1.52,0.017,1.0582788611593346
2192.12,0.588,1.531,0.015,1.4524020563341038
2192.13,0.555,1.768,0.018,1.329672504655958
2192.13,0.558,1.686,0.017,1.0391565535878686
2192.13,0.599,1.961,0.017,1.472632116662689
2192.14,0.541,1.952,0.015,1.2650567720276524
2192.16,0.572,1.717,0.015,1.2494697217320414
2192.16,0.536,1.901,0.015,1.3015120937203808
2192.17,0.522,1.735,0.015,1.4654116274814373
2192.17,0.551,1.906,0.015,1.075677418298799
2192.17,0.575,1.793,0.018,1.1363171318706446
2192.18,0.54,1.518,0.019,1.470104245136083
2192.18,0.59,1.511,0.019,1.0480658743076605
2192.18,0.547,1.813,0.017,1.132313032064839
2192.21,0.519,1.579,0.018,1.3027566115088944
2192.22,0.578,1.964,0.015,1.4438321142812323
2192.23,0.583,1.871,0.018,1.4859036252578335
2192.23,0.501,1.688,0.016,1.0345384906811506
2192.24,0.595,1.702,0.019,1.0318818291017469
2192.24,0.518,1.906,0.015,1.1120261420689483
2192.24,0.516,1.885,0.016,1.3624889488049043
2192.26,0.552,1.78,0.018,1.4576551354941558
2192.26,0.532,1.88,0.016,1.416936630983199
2192.26,0.557,1.528,0.018,1.4812925614992465
2192.27,0.581,1.572,0.018,1.0986820712237775
2192.27,0.501,1.637,0.019,1.2019640525072905
2192.28,0.545,1.516,0.019,1.2019711585804793
2192.28,0.594,1.556,0.018,1.206804083884357
2192.29,0.598,1.59,0.018,1.2058013445979592
2192.29,0.548,1.541,0.019,1.0573406351093353
2192.29,0.584,1.942,0.018,1.1798921584742437
2192.31,0.502,1.598,0.017,1.1524802382223562
2192.31,0.556,1.985,0.017,1.4637532106705844
2192.31,0.582,1.88,0.018,1.164297171298649
2192.31,0.555,1.998,0.018,1.0459085471128802
2192.31,0.577,1.504,0.019,1.0396382985453658
2192.32,0.535,1.987,0.016,1.0374917391299143
2192.32,0.52,1.547,0.015,1.2978623504938582
2192.33,0.595,1.679,0.018,1.393789442480436
2192.33,0.54,1.898,0.019,1.2561614420838194
2192.33,0.592,1.558,0.019,1.4409230178537111
2192.33,0.503,1.775,0.017,1.0517526328446065
2192.34,0.537,1.559,0.019,1.2446021631453612
2192.34,0.532,1.665,0.018,1.0277994923156362
2192.34,0.58,1.972,0.017,1.4401702387846016
2192.34,0.554,1.95,0.015,1.2819168561129295
2192.37,0.52,1.558,0.017,1.3039204003336085
2192.37,0.535,1.513,0.015,1.4653604797591095
2192.37,0.551,1.515,0.015,1.4928742088084266
2192.38,0.595,1.782,0.018,1.3726882788626504
2192.38,0.506,1.941,0.017,1.2334491598922006
2192.39,0.578,1.586,0.018,1.4623966742962002
2192.39,0.561,1.911,0.015,1.2875383032752767
2192.39,0.551,1.995,0.015,1.3912387644371753
2192.4,0.527,1.932,0.015,1.0435829683586817
2192.41,0.595,1.671,0.018,1.37498724161454
2192.43,0.56,1.769,0.019,1.1279935832752188
2192.43,0.552,1.596,0.019,1.1434560554463382
2192.43,0.507,1.528,0.015,1.4256481310663391
2192.43,0.586,1.951,0.016,1.347220695296404
2192.43,0.578,1.751,0.019,1.4212326239649153
2192.45,0.58,1.707,0.016,1.0214222860640585
2192.45,0.519,1.926,0.016,1.1064385636015857
2192.47,0.533,1.781,0.016,1.1082614561002515
2192.47,0.511,1.846,0.018,1.3237166642371472
2192.48,0.53,1.956,0.017,1.264558032479619
2192.48,0.575,1.647,0.018,1.4892831424051216
2192.49,0.587,1.739,0.016,1.2777982941935784
2192.49,0.527,1.66,0.018,1.1115756338292273
2192.5,0.59,1.561,0.018,1.1779430915702918
2192.5,0.502,1.918,0.018,1.4876062163531871
2192.5,0.577,1.59,0.017,1.4702452756122935
2192.5,0.572,1.66,0.019,1.2027330531306069
2192.5,0.523,1.869,0.019,1.278815698059618
2192.5,0.56,1.65,0.015,1.3142318028556201
2192.52,0.528,1.609,0.016,1.0010801818232404
2192.52,0.509,1.772,0.018,1.226652442154703
2192.53,0.555,1.535,0.019,1.0909234413074167
2192.53,0.554,1.941,0.016,1.186804550110926
2192.53,0.516,1.591,0.018,1.0684779212471476
2192.54,0.516,1.874,0.016,1.3528941975565294
2192.54,0.522,1.982,0.019,1.0928375543549682
2192.55,0.571,1.675,0.016,1.015975341458557
2192.55,0.54,1.892,0.017,1.4371370805376902
2192.57,0.596,1.561,0.015,1.468795074975669
2192.57,0.541,1.992,0.019,1.441771021990902
2192.57,0.501,1.701,0.018,1.406891821119637
2192.58,0.558,1.625,0.016,1.0144665844565894
2192.59,0.532,1.804,0.019,1.1423908550394204
2192.6,0.531,1.91,0.015,1.336568765300222
2192.6,0.592,1.516,0.018,1.237119483318303
2192.61,0.553,1.703,0.016,1.4857047361379245
2192.62,0.567,1.609,0.019,1.2705621173524952
2192.62,0.539,1.917,0.019,1.4437051978001036
2192.66,0.548,1.827,0.015,1.1159737924079995
2192.67,0.543,1.566,0.019,1.3239471717403788
2192.67,0.599,1.704,0.015,1.1961205129897017
2192.67,0.598,1.682,0.016,1.0082028341907656
2192.68,0.503,1.881,0.015,1.199587882325402
2192.68,0.518,1.867,0.017,1.1536294128283069
2192.68,0.544,1.749,0.015,1.0445343337785464
2192.69,0.557,1.604,0.018,1.0832255975640948
2192.69,0.582,1.516,0.016,1.2020775796870737
2192.7,0.577,1.814,0.019,1.4169548344170393
2192.7,0.586,1.865,0.018,1.2148763014522064
2192.71,0.567,1.773,0.016,1.4719654150743675
2192.71,0.554,1.836,0.016,1.1955183146845572
2192.72,0.591,1.867,0.019,1.1949389690498426
2192.72,0.596,1.934,0.019,1.0426286964697298
2192.73,0.563,1.674,0.019,1.193236941106358
2192.73,0.512,1.992,0.016,1.4408281212865433
2192.74,0.509,1.757,0.017,1.2628094576203348
2192.74,0.571,1.942,0.017,1.2517853057477657
2192.75,0.544,1.832,0.016,1.437264412942674
2192.75,0.578,1.831,0.018,1.4789378475062311
2192.76,0.58,1.879,0.015,1.0022689669688765
2192.77,0.577,1.756,0.016,1.2543109260890555
2192.77,0.552,1.799,0.015,1.0765885484569457
2192.77,0.592,1.887,0.016,1.4031298663744014
2192.79,0.586,1.678,0.018,1.0400198385851571
2192.79,0.568,1.678,0.017,1.0470609189825946
2192.79,0.517,1.845,0.017,1.2808666095087955
2192.79,0.558,1.753,0.015,1.4716851211416018
2192.79,0.545,1.983,0.019,1.1180220837480759
2192.8,0.558,1.656,0.015,1.3931424094084472
2192.8,0.578,1.941,0.018,1.443705416254451
2192.81,0.559,1.575,0.019,1.2998045677975512
2192.82,0.578,1.891,0.017,1.1216643344182282
2192.82,0.514,1.974,0.015,1.3717650435340056
2192.82,0.598,1.775,0.018,1.0208864763790637
2192.83,0.564,1.803,0.019,1.1556529930573358
2192.83,0.582,1.536,0.016,1.001756046273272
2192.83,0.535,1.698,0.016,1.295079785650388
2192.84,0.548,1.853,0.018,1.138194928659093
2192.84,0.596,1.787,0.019,1.280088948986821
2192.84,0.539,1.7,0.016,1.2577654243988747
2192.85,0.573,1.647,0.019,1.0038484534947858
2192.85,0.534,1.788,0.015,1.08997786303543
2192.85,0.501,1.794,0.016,1.1480793510223193
2192.85,0.556,1.607,0.016,1.4615888668175174
2192.89,0.515,1.546,0.017,1.1990475154910283
2192.89,0.537,1.643,0.016,1.0163541426516636
2192.9,0.576,1.631,0.016,1.293567788769832
2192.9,0.555,1.638,0.019,1.1746787570874633
2192.91,0.594,1.645,0.015,1.0589737938370418
2192.91,0.578,1.797,0.018,1.0211606489665663
2192.92,0.594,1.862,0.019,1.4954780738292253
2192.92,0.507,1.863,0.015,1.3500374044794394
2192.92,0.531,1.945,0.015,1.3288350284608068
2192.93,0.519,1.946,0.016,1.4902785601737465
2192.93,0.576,1.797,0.019,1.0486545138261951
2192.94,0.506,1.652,0.018,1.057269241166579
2192.96,0.577,1.506,0.016,1.4966868216015965
2192.96,0.583,1.919,0.016,1.3176498618144663
2192.98,0.52,1.608,0.017,1.2164839241238723
2192.99,0.566,1.698,0.017,1.401210803639783
2193.0,0.511,1.507,0.015,1.1268450827707195
2193.0,0.569,1.506,0.018,1.0014262918313765
2193.0,0.524,1.828,0.018,1.1861941043514406
2193.01,0.56,1.64,0.016,1.2346242269630796
2193.01,0.525,1.827,0.017,1.1451070955526008
2193.01,0.535,1.932,0.017,1.2861297812071533
2193.02,0.5,1.734,0.016,1.443940113548776
2193.02,0.527,1.552,0.018,1.1231135516190598
2193.02,0.585,1.74,0.019,1.4491561934513448
2193.03,0.564,1.946,0.015,1.186359839602418
2193.04,0.546,1.527,0.017,1.3476824921678374
2193.04,0.593,1.53,0.017,1.3751833611006654
2193.05,0.541,1.709,0.017,1.1624901860755794
2193.05,0.53,1.682,0.019,1.2978909970886043
2193.05,0.5,1.631,0.017,1.0944551182822215
2193.06,0.517,1.936,0.017,1.2416138130925405
2193.06,0.555,1.604,0.019,1.1312012103596785
2193.07,0.558,1.729,0.016,1.1223900394505768
2193.08,0.575,1.982,0.015,1.1795036563211843
2193.08,0.533,1.705,0.016,1.3502527134496523
2193.09,0.582,1.616,0.019,1.226368289187955
2193.09,0.542,1.656,0.016,1.0679891115745273
2193.09,0.57,1.627,0.018,1.0532706268995815
2193.1,0.57,1.923,0.019,1.1829331884567538
2193.1,0.566,1.695,0.018,1.1758823198978783
2193.1,0.567,1.8,0.015,1.4256126860641753
2193.1,0.592,1.675,0.015,1.369897522593768
2193.11,0.519,1.651,0.019,1.3544916847762019
2193.12,0.573,1.764,0.016,1.0215394940234663
2193.13,0.536,1.567,0.019,1.225663994283979
2193.13,0.547,1.959,0.018,1.0812239320978876
2193.13,0.59,1.563,0.017,1.0101810462688
2193.13,0.53,1.924,0.016,1.3436980688223656
2193.15,0.569,1.76,0.017,1.2367611664489164
2193.16,0.536,1.915,0.019,1.4257261532101935
2193.16,0.586,1.955,0.016,1.0066526481462297
2193.18,0.505,1.631,0.017,1.2051810899468123
2193.18,0.599,1.622,0.016,1.276287690003731
2193.18,0.521,1.637,0.019,1.1285883972505908
2193.18,0.504,1.694,0.016,1.0081071194505202
2193.19,0.506,1.818,0.016,1.0256059215950646
2193.19,0.592,1.659,0.019,1.2143542123753783
2193.19,0.58,1.887,0.018,1.0414718352486887
2193.2,0.556,1.769,0.015,1.21702954768167
2193.21,0.592,1.94,0.017,1.4429882732907235
2193.21,0.564,1.51,0.019,1.3762490128117781
2193.22,0.54,1.801,0.016,1.2164576289563258
2193.23,0.581,1.561,0.019,1.058430756177354
2193.23,0.51,1.619,0.019,1.1159513237953627
2193.23,0.5,1.639,0.018,1.3710177382602895
2193.24,0.524,1.819,0.019,1.4169159606337658
2193.24,0.551,1.862,0.019,1.1974440239597954
2193.24,0.501,1.582,0.016,1.0727330899367906
2193.24,0.526,1.919,0.016,1.3807778569344804
2193.25,0.527,1.645,0.018,1.156472773462655
2193.25,0.581,1.907,0.015,1.0039215224618583
2193.25,0.585,1.785,0.015,1.0275688634927556
2193.27,0.522,1.559,0.018,1.2197373060902559
2193.28,0.579,1.919,0.017,1.3996527363443407
2193.28,0.527,1.514,0.016,1.2802195915983845
2193.28,0.541,1.738,0.016,1.1059048901050434
2193.28,0.549,1.754,0.015,1.4087346320207357
2193.29,0.598,1.507,0.019,1.2431652309257002
2193.29,0.554,1.794,0.019,1.3972697653064703
2193.29,0.546,1.509,0.016,1.294232242399529
2193.3,0.526,1.945,0.015,1.4865569834010282
2193.3,0.508,1.704,0.018,1.2856456486344066
2193.3,0.517,1.898,0.017,1.3317205002209893
2193.32,0.538,1.897,0.017,1.03874249415446
2193.32,0.553,1.741,0.017,1.4849630987792852
2193.32,0.536,1.83,0.016,1.4534919863223745
2193.33,0.518,1.618,0.018,1.3987336745639602
2193.34,0.539,1.517,0.016,1.3581260445541543
2193.34,0.506,1.893,0.016,1.497772473042433
2193.35,0.575,1.889,0.017,1.13994376216808
2193.35,0.55,1.611,0.017,1.0810191314803212
2193.35,0.551,1.6,0.015,1.3368639783344536
2193.36,0.546,1.843,0.016,1.2513452111439607
2193.37,0.546,1.765,0.019,1.1876541739886795
2193.37,0.567,1.645,0.019,1.2738340263179517
2193.37,0.516,1.639,0.015,1.0218407205481523
2193.37,0.501,1.654,0.015,1.3587074798848955
2193.38,0.59,1.942,0.015,1.4693782392266923
2193.38,0.549,1.805,0.015,1.1517481311521456
2193.39,0.55,1.759,0.015,1.1125965542689105
2193.39,0.573,1.6,0.016,1.0218478716386434
2193.4,0.549,1.649,0.015,1.067224264148321
2193.41,0.504,1.684,0.016,1.2467239491878876
2193.42,0.572,1.915,0.016,1.200075020390584
2193.43,0.571,1.752,0.019,1.2265425853629803
2193.43,0.554,1.986,0.018,1.0714706273137828
2193.45,0.554,1.613,0.018,1.4535943020161575
2193.46,0.53,1.849,0.015,1.077414442894438
2193.46,0.572,1.54,0.016,1.4804068745225814
2193.47,0.589,1.854,0.015,1.3224743618948092
2193.47,0.593,1.643,0.016,1.134856774029528
2193.51,0.554,1.98,0.018,1.032166799304059
2193.54,0.527,1.876,0.018,1.0016658212688656
2193.55,0.58,1.956,0.017,1.360795411226124
2193.55,0.565,1.881,0.016,1.4472831675998121
2193.56,0.535,1.675,0.015,1.0256331749743728
2193.57,0.541,1.849,0.016,1.4180275043403778
2193.57,0.523,1.688,0.019,1.0579397087209204
2193.57,0.52,1.988,0.018,1.439803890941989
2193.57,0.507,1.931,0.016,1.3187914221341135
2193.58,0.593,1.755,0.019,1.222282859340575
2193.6,0.533,1.649,0.015,1.0202274488350336
2193.61,0.527,1.946,0.015,1.0091414193708115
2193.61,0.561,1.593,0.019,1.3545916783481675
2193.63,0.56,1.763,0.017,1.228288239237282
2193.63,0.513,1.659,0.017,1.2677308571030668
2193.64,0.503,1.727,0.016,1.0133559221154222
2193.64,0.597,1.674,0.017,1.469600721439275
2193.64,0.537,1.548,0.019,1.3402840240495641
2193.65,0.516,1.568,0.015,1.0875628302371787
2193.66,0.519,1.717,0.018,1.2388857750260014
2193.66,0.583,1.847,0.019,1.0330138773007709
2193.67,0.568,1.789,0.015,1.1325509061058765
2193.67,0.57,1.781,0.019,1.357986450183006
2193.68,0.579,1.718,0.017,1.0235118892356472
2193.68,0.538,1.596,0.019,1.1179199860460243
2193.69,0.586,1.839,0.018,1.3950540072552449
2193.7,0.549,1.782,0.017,1.3182738874152442
2193.7,0.504,1.634,0.017,1.4257046292792652
2193.7,0.59,1.995,0.019,1.4567782685898933
2193.7,0.513,1.835,0.015,1.1784221299355446
2193.71,0.572,1.62,0.018,1.2725733887557609
2193.71,0.53,1.904,0.016,1.0949668385058575
2193.71,0.528,1.932,0.019,1.3818073508157005
2193.72,0.512,1.568,0.017,1.4778410276141145
2193.73,0.598,1.551,0.018,1.3837952097315969
2193.73,0.57,1.718,0.018,1.3728718077474942
2193.73,0.509,1.624,0.015,1.2850475319080776
2193.73,0.533,1.534,0.018,1.3592061203150325
2193.74,0.534,1.617,0.016,1.0148954449710916
2193.75,0.548,1.58,0.015,1.371574953044965
2193.75,0.598,1.864,0.018,1.4673104051318686
2193.75,0.554,1.761,0.015,1.1420558467082047
2193.75,0.541,1.896,0.016,1.4594845478302683
2193.75,0.506,1.624,0.017,1.4146663007015912
2193.76,0.544,1.7,0.016,1.2136854122343548
2193.76,0.581,1.84,0.017,1.4141354808246906
2193.76,0.516,1.929,0.019,1.0104257069710072
2193.77,0.594,1.86,0.015,1.0577134087584674
2193.78,0.512,1.918,0.015,1.1515357277486404
2193.78,0.502,1.64,0.015,1.3474754010554884
2193.78,0.517,1.581,0.017,1.2890617715862662
2193.79,0.591,1.6,0.017,1.1943627851570324
2193.79,0.544,1.813,0.016,1.129780731988641
2193.8,0.588,1.727,0.019,1.1027766201652955
2193.8,0.579,1.868,0.015,1.3379247531815603
2193.8,0.536,1.862,0.019,1.0166532454572492
2193.8,0.543,1.896,0.016,1.3041463721927329
2193.81,0.57,1.642,0.015,1.086682119490945
2193.82,0.599,1.728,0.015,1.3867869388055152
2193.83,0.512,1.819,0.017,1.3783921838216224
2193.83,0.598,1.627,0.018,1.183507012765835
2193.83,0.51,1.896,0.019,1.3188835482971228
2193.83,0.506,1.877,0.015,1.0286123323803251
2193.83,0.516,1.684,0.016,1.1590173734994682
2193.85,0.594,1.903,0.016,1.049493551334106
2193.85,0.568,1.833,0.017,1.2353574783425358
2193.85,0.568,1.803,0.016,1.2732422322515862
2193.86,0.585,1.511,0.018,1.411255323471294
2193.88,0.526,1.9,0.018,1.3766642219279897
2193.88,0.589,1.642,0.015,1.0357458355847597
2193.9,0.554,1.932,0.017,1.0719664875900154
2193.9,0.519,1.791,0.015,1.0789329595480903
2193.9,0.527,1.829,0.018,1.495819267200747
2193.9,0.555,1.859,0.016,1.34873180290873
2193.9,0.509,1.832,0.019,1.1931779571512906
2193.92,0.529,1.86,0.019,1.3081455435784473
2193.92,0.592,1.783,0.019,1.2445289767992473
2193.92,0.502,1.644,0.017,1.4606713729932932
2193.93,0.542,1.74,0.018,1.4796451191329374
2193.93,0.552,1.917,0.018,1.1937738264565525
2193.93,0.515,1.571,0.015,1.114833600351346
2193.94,0.51,1.89,0.019,1.4413726562204847
2193.94,0.526,1.867,0.019,1.222393880034564
2193.94,0.58,1.773,0.018,1.353573861998472
2193.95,0.535,1.613,0.019,1.366230792256446
2193.95,0.505,1.513,0.016,1.0561649178500587
2193.96,0.515,1.583,0.016,1.4573380683144406
2193.97,0.556,1.756,0.015,1.4620594151013477
2193.97,0.569,1.928,0.015,1.0290673333424443
2193.98,0.516,1.953,0.016,1.4923211924852477
2193.98,0.53,1.503,0.015,1.1880050374224467
2193.98,0.552,1.515,0.018,1.4381442239051037
2193.99,0.529,1.576,0.015,1.146391440241278
2194.0,0.596,1.988,0.016,1.4571127572058284
2194.0,0.525,1.794,0.019,1.1828706629847432
2194.01,0.565,1.525,0.017,1.4955238189389743
2194.01,0.528,1.819,0.019,1.047909564048959
2194.01,0.581,1.951,0.016,1.0986087010507106
2194.02,0.569,1.862,0.017,1.4800811534023095
2194.03,0.577,1.888,0.017,1.2544249139901102
2194.04,0.578,1.885,0.019,1.1785440246301644
2194.05,0.536,1.598,0.015,1.1779185687780775
2194.05,0.517,1.916,0.017,1.3230252267298908
2194.05,0.52,1.59,0.019,1.2802651658372395
2194.06,0.554,1.771,0.017,1.1465041257736974
2194.06,0.513,1.82,0.019,1.3070589664028276
2194.07,0.54,1.528,0.019,1.3824163086267631
2194.07,0.548,1.887,0.019,1.0221710982688912
2194.08,0.583,1.753,0.015,1.294605348073035
2194.09,0.538,1.916,0.017,1.2730688356978852
2194.09,0.571,1.994,0.019,1.4512793309077994
2194.09,0.578,1.996,0.017,1.4987334032516348
2194.1,0.549,1.648,0.019,1.1955895980537927
2194.1,0.574,1.728,0.015,1.37130000986023
2194.1,0.587,1.542,0.016,1.2038874483476192
2194.11,0.579,1.819,0.018,1.1022841166314024
2194.11,0.598,1.897,0.016,1.0325668615432617
2194.11,0.545,1.817,0.015,1.0279319598050614
2194.12,0.538,1.796,0.018,1.130387623332899
2194.13,0.548,1.896,0.019,1.382067231497234
2194.13,0.57,1.872,0.019,1.0555400555410954
2194.14,0.584,1.649,0.016,1.1079264862981948
2194.14,0.591,1.743,0.016,1.499325149469151
2194.15,0.516,1.817,0.017,1.4763235111962625
2194.15,0.528,1.938,0.016,1.3570704310448822
2194.16,0.565,1.816,0.019,1.4075304707881258
2194.16,0.585,1.779,0.019,1.3806147088925413
2194.17,0.571,1.859,0.018,1.0008810752811808
2194.17,0.591,1.852,0.018,1.48073995591723
2194.18,0.552,1.519,0.017,1.331102185783158
2194.18,0.591,1.58,0.019,1.0427682277325654
2194.19,0.599,1.976,0.017,1.4441502505468926
2194.21,0.552,1.815,0.016,1.4595786799100205
2194.21,0.544,1.956,0.015,1.3813232660553463
2194.21,0.589,1.685,0.017,1.2989554502830378
2194.23,0.502,1.537,0.015,1.2960970430265244
2194.23,0.555,1.982,0.016,1.1244922470588974
2194.26,0.573,1.681,0.015,1.2783566018096595
2194.27,0.587,1.527,0.018,1.4723416547846089
2194.28,0.597,1.656,0.019,1.4087267672119363
2194.28,0.596,1.807,0.017,1.0028960509273417
2194.29,0.555,1.564,0.016,1.3083110591256086
2194.3,0.549,1.65,0.015,1.043725200936779
2194.31,0.512,1.557,0.016,1.4389776693201193
2194.31,0.563,1.573,0.017,1.025625782203523
2194.32,0.579,1.595,0.018,1.4598770842344515
2194.32,0.514,1.643,0.019,1.3048135616406298
2194.32,0.518,1.639,0.015,1.462639456104886
2194.33,0.501,1.896,0.018,1.0144068446980143
2194.33,0.589,1.825,0.017,1.4959384055961933
2194.33,0.596,1.635,0.018,1.4906732466845432
2194.34,0.572,1.803,0.015,1.4288097093570924
2194.35,0.509,1.872,0.016,1.4958787497471926
2194.35,0.501,1.632,0.016,1.175708908392552
2194.36,0.586,1.571,0.018,1.1382842571987015
2194.37,0.53,1.809,0.015,1.0814380199098403
2194.38,0.551,1.714,0.018,1.1564571999741435
2194.38,0.553,1.552,0.017,1.0474211218442775
2194.4,0.578,1.541,0.018,1.1642138015484278
2194.4,0.526,1.67,0.017,1.301325154837259
2194.41,0.501,1.942,0.018,1.3236124257406021
2194.42,0.513,1.56,0.015,1.350772455682665
2194.42,0.595,1.678,0.015,1.1053112698536738
2194.43,0.586,1.728,0.016,1.4741833078453748
2194.43,0.557,1.978,0.016,1.4010588501926537
2194.44,0.522,1.864,0.017,1.3941277123766964
2194.44,0.515,1.999,0.015,1.491233473724245
2194.46,0.58,1.976,0.016,1.1022506497513525
2194.47,0.549,1.941,0.017,1.4940739279089474
2194.48,0.592,1.64,0.016,1.4750875941777888
2194.49,0.59,1.999,0.015,1.3075739702826734
2194.49,0.546,1.564,0.017,1.497879145569133
2194.5,0.576,1.824,0.019,1.350010805478528
2194.5,0.593,1.555,0.018,1.004904891424753
2194.5,0.516,1.848,0.019,1.2926855228418683
2194.5,0.5,1.566,0.017,1.0445042773376483
2194.51,0.597,1.721,0.015,1.0700129834107206
2194.51,0.549,1.81,0.016,1.3992737415958112
2194.51,0.579,1.904,0.018,1.0605537285049924
2194.51,0.526,1.681,0.018,1.2017010277293854
2194.51,0.54,1.938,0.016,1.1790490856739182
2194.52,0.56,1.728,0.019,1.4502662447837524
2194.53,0.571,1.713,0.016,1.4050544914542191
2194.53,0.53,1.83,0.017,1.394293478851079
2194.53,0.568,1.973,0.018,1.1730730561831566
2194.53,0.545,1.848,0.017,1.0974296526436773
2194.54,0.551,1.516,0.017,1.1895832999217812
2194.55,0.513,1.836,0.019,1.0496112012575238
2194.55,0.565,1.828,0.015,1.095300857944895
2194.56,0.513,1.93,0.018,1.1561248709235645
2194.57,0.526,1.914,0.018,1.3392861650740204
2194.58,0.518,1.551,0.019,1.162243702786966
2194.58,0.583,1.772,0.017,1.1571103047453035
2194.59,0.595,1.96,0.016,1.0772085897819066
2194.61,0.531,1.812,0.018,1.163763586516128
2194.61,0.53,1.79,0.018,1.185865969897051
2194.62,0.578,1.501,0.019,1.3028921025627365
2194.62,0.54,1.968,0.015,1.460299497573943
2194.62,0.543,1.721,0.019,1.4251215298346898
2194.63,0.544,1.82,0.019,1.0345810397102824
2194.63,0.536,1.943,0.015,1.3445053464002794
2194.63,0.54,1.754,0.019,1.4531469963777153
2194.64,0.527,1.716,0.018,1.4627617966573205
2194.64,0.545,1.625,0.016,1.0852445747879416
2194.65,0.575,1.959,0.019,1.2075362590550738
2194.65,0.539,1.962,0.016,1.178207943484645
2194.67,0.528,1.798,0.018,1.3588691155309018
2194.69,0.542,1.531,0.018,1.0758572322869457
2194.71,0.531,1.591,0.017,1.4635234685921021
2194.71,0.548,1.64,0.018,1.003916946684576
2194.72,0.537,1.875,0.017,1.4946598317829787
2194.72,0.551,1.59,0.017,1.2363014046785152
2194.73,0.5,1.554,0.018,1.4821797771408844
2194.73,0.517,1.605,0.019,1.1482136350316794
2194.74,0.591,1.552,0.018,1.0632462673963408
2194.75,0.589,1.648,0.016,1.0160311668750157
2194.76,0.512,1.798,0.019,1.0551607100617113
2194.76,0.562,1.677,0.016,1.4105236574676931
2194.76,0.544,1.572,0.018,1.2347831874530821
2194.77,0.585,1.616,0.016,1.2913229604321084
2194.77,0.509,1.846,0.015,1.4151408645067738
2194.77,0.547,1.997,0.017,1.2124165517348433
2194.78,0.514,1.638,0.016,1.400141865724502
2194.78,0.558,1.99,0.015,1.0260729060717422
2194.78,0.574,1.941,0.018,1.0782241799902166
2194.8,0.519,1.723,0.018,1.012214874553073
2194.8,0.578,1.741,0.017,1.411655759393565
2194.8,0.558,1.684,0.016,1.1253619715107768
2194.82,0.527,1.537,0.016,1.2767442051233908
2194.84,0.532,1.563,0.017,1.4723578355575961
2194.85,0.521,1.972,0.015,1.1255139977112347
2194.85,0.546,1.98,0.018,1.2323745473816925
2194.86,0.514,1.894,0.016,1.2985369804605293
2194.86,0.52,1.89,0.019,1.3600614434299712
2194.86,0.55,1.523,0.017,1.0681113000134221
2194.88,0.505,1.733,0.015,1.3706025998657014
2194.88,0.533,1.702,0.016,1.2893317080037856
2194.88,0.5,1.696,0.019,1.4591776656878177
2194.88,0.571,1.726,0.018,1.1222101390913768
2194.88,0.59,1.648,0.018,1.4066121675515495
2194.89,0.54,1.752,0.016,1.266062039459953
2194.89,0.51,1.599,0.019,1.198748906100958
2194.9,0.584,1.647,0.019,1.4878439493929378
2194.91,0.596,1.92,0.015,1.3621605489035296
2194.91,0.561,1.803,0.016,1.1081684657551025
2194.91,0.53,1.755,0.016,1.1307492671685264
2194.91,0.521,1.669,0.018,1.2479407999189793
2194.91,0.573,1.718,0.019,1.1899119329108334
2194.92,0.527,1.579,0.018,1.2225840557896244
2194.93,0.514,1.844,0.019,1.105433465082088
2194.94,0.529,1.655,0.017,1.4068495068277902
2194.94,0.523,1.587,0.015,1.0193754716077243
2194.94,0.591,1.736,0.016,1.467718667142382
2194.95,0.55,1.978,0.017,1.2597251572002763
2194.96,0.513,1.787,0.017,1.1123374357029898
2194.96,0.549,1.727,0.017,1.2586315229303022
2194.96,0.549,1.518,0.016,1.4931577003312462
2194.96,0.539,1.834,0.016,1.0581699786238667
2194.96,0.571,1.73,0.018,1.496307155499789
2194.97,0.521,1.539,0.015,1.3496127433641392
2194.97,0.515,1.799,0.018,1.0890937874103
2194.97,0.585,1.647,0.016,1.3307138804224194
2194.98,0.573,1.815,0.018,1.4379270938047526
2194.98,0.541,1.72,0.019,1.4364707244057708
2194.98,0.555,1.785,0.015,1.2141299587845
2194.98,0.505,1.771,0.019,1.4636985498041637
2195.02,0.519,1.671,0.015,1.2638315376860105
2195.02,0.509,1.614,0.019,1.0044747706340733
2195.03,0.546,1.589,0.018,1.464823883037846
2195.04,0.554,1.844,0.018,1.1263426061207678
2195.04,0.541,1.836,0.018,1.4974697678868125
2195.05,0.555,1.629,0.019,1.3304176156302714
2195.05,0.558,1.866,0.015,1.448164341208276
2195.05,0.533,1.543,0.018,1.1097753063816853
2195.05,0.515,1.787,0.019,1.3959087396933103
2195.07,0.532,1.749,0.015,1.3794096302856143
2195.08,0.55,1.729,0.017,1.4203267961501151
2195.08,0.506,1.799,0.019,1.0471267820435384
2195.09,0.519,1.601,0.015,1.4734446979775697
2195.1,0.582,1.516,0.018,1.4160864438800793
2195.11,0.597,1.644,0.019,1.0849952019111282
2195.11,0.572,1.672,0.015,1.2894155685157225
2195.14,0.508,1.685,0.016,1.0131687000129603
2195.14,0.591,1.536,0.016,1.2487263784925777
2195.14,0.57,1.562,0.016,1.2703889402116535
2195.15,0.559,1.712,0.018,1.2861078072588992
2195.15,0.544,1.969,0.017,1.2099379855541035
2195.15,0.571,1.548,0.016,1.1178941949925587
2195.15,0.5,1.807,0.016,1.27829245416399
2195.16,0.515,1.734,0.016,1.199512911415181
2195.17,0.522,1.711,0.018,1.3653224066275833
2195.17,0.524,1.693,0.016,1.1752777192263912
2195.19,0.566,1.708,0.015,1.3795568804224105
2195.2,0.546,1.73,0.017,1.3850159021379325
2195.2,0.584,1.611,0.017,1.130505766860566
2195.2,0.501,1.97,0.019,1.2297211895065758
2195.21,0.5,1.893,0.015,1.1138412529910715
2195.21,0.569,1.981,0.019,1.1150386299699984
2195.22,0.571,1.753,0.019,1.2375189134410265
2195.22,0.562,1.64,0.015,1.3121609481685665
2195.22,0.548,1.716,0.018,1.4980890055606115
2195.22,0.532,1.632,0.017,1.2320776323836076
2195.24,0.592,1.708,0.016,1.3600333078970825
2195.25,0.548,1.728,0.017,1.225015388857393
2195.25,0.539,1.534,0.018,1.3194765811123625
2195.25,0.594,1.942,0.018,1.0143619691957992
2195.27,0.575,1.947,0.015,1.4510524654925658
2195.27,0.53,1.996,0.017,1.4512736439093221
2195.27,0.545,1.773,0.019,1.2436251461663337
2195.28,0.559,1.864,0.015,1.4000493343342266
2195.28,0.548,1.627,0.018,1.104028722461987
2195.3,0.588,1.826,0.019,1.369724188516177
2195.3,0.552,1.667,0.018,1.018719361541298
2195.3,0.587,1.65,0.019,1.0079593902298292
2195.3,0.553,1.814,0.018,1.21796205734406
2195.31,0.53,1.913,0.017,1.4687052163372034
2195.31,0.51,1.901,0.019,1.342425735117099
2195.33,0.596,1.873,0.016,1.0042401947909774
2195.33,0.51,1.779,0.019,1.1007408134677439
2195.34,0.525,1.972,0.019,1.4061912182362672
2195.34,0.544,1.632,0.015,1.0838081702372695
2195.34,0.58,1.641,0.018,1.0554939763313513
2195.34,0.501,1.823,0.015,1.366694963661382
2195.34,0.583,1.582,0.016,1.178586018974102
2195.34,0.543,1.537,0.015,1.1663336624115395
2195.35,0.589,1.947,0.015,1.0913587606308812
2195.36,0.537,1.704,0.019,1.2831898988818962
2195.37,0.525,1.811,0.016,1.496817129944225
2195.37,0.576,1.855,0.016,1.1286783192549483
2195.38,0.573,1.762,0.016,1.0864992955799613
2195.38,0.506,1.622,0.019,1.4744578047235977
2195.39,0.549,1.63,0.019,1.0390450830082996
2195.39,0.505,1.57,0.017,1.2887661764372984
2195.39,0.542,1.869,0.018,1.0212983813220535
2195.39,0.503,1.552,0.018,1.4453862909134259
2195.39,0.59,1.79,0.016,1.2134530288297505
2195.39,0.529,1.897,0.017,1.303399200664033
2195.41,0.52,1.745,0.017,1.3887170369428037
2195.41,0.582,1.657,0.017,1.1103964252919618
2195.41,0.527,1.526,0.015,1.3700542749991502
2195.41,0.599,1.93,0.019,1.441611091398377
2195.42,0.578,1.907,0.018,1.1811892118990597
2195.42,0.592,1.735,0.016,1.098403216227067
2195.43,0.558,1.622,0.019,1.274876067152735
2195.43,0.538,1.923,0.018,1.1023915351305158
2195.45,0.539,1.596,0.016,1.2047372453084084
2195.45,0.537,1.517,0.015,1.4876332571070805
2195.45,0.529,1.706,0.017,1.3432901294008068
2195.45,0.527,1.549,0.018,1.0446893964370194
2195.46,0.59,1.644,0.015,1.226520414639071
2195.48,0.53,1.808,0.019,1.2828904838382036
2195.48,0.522,1.981,0.015,1.455922170139333
2195.49,0.503,1.517,0.019,1.1091265274591309
2195.5,0.572,1.552,0.019,1.4009874216063076
2195.5,0.538,1.942,0.015,1.0589429037790095
2195.51,0.545,1.895,0.016,1.4849791049350065
2195.51,0.549,1.926,0.015,1.4837482724203288
2195.51,0.544,1.88,0.018,1.0493336044796595
2195.51,0.57,1.85,0.015,1.3963100721764763
2195.52,0.525,1.816,0.018,1.2136368886092546
2195.52,0.583,1.561,0.019,1.3717012481746162
2195.52,0.55,1.673,0.015,1.4622217791748557
2195.52,0.589,1.54,0.019,1.3657386545644774
2195.52,0.559,1.816,0.017,1.4487312273786737
2195.53,0.545,1.816,0.016,1.0661262670429301
2195.55,0.532,1.584,0.019,1.400436954175106
2195.55,0.552,1.828,0.015,1.4610024520010325
2195.56,0.52,1.762,0.019,1.182299607318149
2195.56,0.591,1.523,0.015,1.2101153221359817
2195.56,0.568,1.656,0.017,1.275900739159972
2195.56,0.521,1.637,0.017,1.4087239051993272
2195.57,0.504,1.837,0.017,1.2726710780436505
2195.58,0.59,1.777,0.019,1.3023672100084789
2195.59,0.533,1.975,0.018,1.3798004532745207
2195.6,0.504,1.829,0.015,1.3777852669180337
2195.6,0.561,1.855,0.018,1.0901387398636415
2195.6,0.599,1.875,0.018,1.3578556222563751
2195.6,0.558,1.937,0.016,1.0675464261889798
2195.6,0.555,1.958,0.016,1.4481853041466524
2195.62,0.503,1.586,0.017,1.3741481051057391
2195.63,0.525,1.594,0.017,1.106880484967428
2195.63,0.515,1.925,0.019,1.3269940473161719
2195.64,0.593,1.64,0.017,1.4295171861201512
2195.65,0.568,1.647,0.017,1.1042401639385109
2195.66,0.512,1.603,0.019,1.1470374148676876
2195.66,0.582,1.503,0.018,1.477711545108558
2195.66,0.565,1.663,0.019,1.2973516090968653
2195.66,0.585,1.682,0.018,1.4222969546775945
2195.67,0.544,1.678,0.019,1.017853070986836
2195.67,0.553,1.505,0.017,1.1944552258875762
2195.68,0.548,1.759,0.016,1.478471501933647
2195.69,0.556,1.574,0.017,1.0755880606944366
2195.69,0.57,1.56,0.016,1.3843936060353443
2195.69,0.583,1.616,0.019,1.2363850809935355
2195.7,0.507,1.892,0.017,1.366179849535452
2195.7,0.54,1.89,0.015,1.0101755133036585
2195.7,0.569,1.889,0.018,1.3240206085560065
2195.71,0.534,1.543,0.018,1.1384074760256275
2195.71,0.539,1.753,0.017,1.4262683207668352
2195.71,0.525,1.557,0.015,1.3894933893562242
2195.73,0.586,1.672,0.019,1.2822468246785268
2195.73,0.508,1.973,0.015,1.219928033225321
2195.73,0.56,1.725,0.019,1.4756974643857763
2195.73,0.503,1.622,0.017,1.4279600437887976
2195.74,0.511,1.621,0.019,1.247338060709621
2195.74,0.593,1.811,0.018,1.3244256743792029
2195.74,0.57,1.583,0.019,1.08739549671981
2195.75,0.51,1.982,0.017,1.4709465356920857
2195.75,0.529,1.677,0.019,1.286883077963959
2195.75,0.526,1.592,0.016,1.1046734603468373
2195.76,0.55,1.618,0.017,1.2235832475070159
2195.77,0.52,1.9,0.018,1.1727177071122314
2195.78,0.561,1.934,0.019,1.0334608696805612
2195.78,0.521,1.612,0.016,1.0730134449925612
2195.79,0.565,1.87,0.019,1.0932716847633608
2195.79,0.561,1.739,0.018,1.463238469608202
2195.8,0.5,1.941,0.015,1.3597047130623638
2195.8,0.552,1.561,0.015,1.4676855504480741
2195.8,0.588,1.732,0.018,1.3140051322281148
2195.81,0.597,1.58,0.017,1.459954711220133
2195.81,0.557,1.652,0.019,1.262689537790823
2195.83,0.557,1.761,0.019,1.2164548506935635
2195.83,0.594,1.523,0.017,1.4375700929807091
2195.83,0.578,1.566,0.015,1.3426526414181903
2195.84,0.579,1.918,0.018,1.0653636445066614
2195.85,0.579,1.769,0.015,1.296945441545407
2195.85,0.502,1.811,0.019,1.314313432090215
2195.86,0.503,1.843,0.015,1.2133667336546434
2195.86,0.545,1.703,0.016,1.0217651318123662
2195.87,0.559,1.987,0.015,1.4934989136556605
2195.87,0.588,1.554,0.019,1.239221909901796
2195.87,0.561,1.915,0.019,1.0882001588297139
2195.88,0.591,1.619,0.015,1.4637707799348805
2195.88,0.571,1.576,0.018,1.0292041212903253
2195.9,0.52,1.547,0.017,1.254981337306788
2195.9,0.583,1.528,0.017,1.3532083033473268
2195.91,0.541,1.688,0.018,1.3695204807957084
2195.93,0.575,1.537,0.017,1.255486082938277
2195.94,0.522,1.517,0.015,1.4839603280891205
2195.95,0.53,1.737,0.016,1.2762193486914706
2195.95,0.54,1.906,0.018,1.389080765245948
2195.96,0.519,1.652,0.017,1.1743752483169474
2195.96,0.579,1.824,0.016,1.4551789341586405
2195.97,0.572,1.919,0.017,1.4689448407471937
2195.97,0.588,1.891,0.018,1.3640753683721765
2195.98,0.575,1.743,0.017,1.1887105689924402
2195.98,0.533,1.954,0.015,1.3821634512768857
2195.98,0.592,1.83,0.019,1.347623698229176
2196.0,0.515,1.61,0.018,1.052465201515147
2196.0,0.505,1.806,0.018,1.4700362501267692
2196.0,0.525,1.894,0.016,1.178776151009086
2196.0,0.525,1.549,0.017,1.3964300613229361
2196.0,0.563,1.882,0.015,1.2835939179049232
2196.01,0.577,1.763,0.019,1.3884313636092982
2196.03,0.556,1.817,0.018,1.0286894460929774
2196.03,0.576,1.748,0.017,1.3778196699418683
2196.03,0.531,1.8,0.018,1.2258373217791902
2196.04,0.544,1.951,0.018,1.077019211180079
2196.04,0.536,1.555,0.017,1.3703708485660004
2196.05,0.557,1.786,0.018,1.0888303683094702
2196.05,0.511,1.879,0.018,1.1777949365450961
2196.09,0.556,1.807,0.017,1.3877334371304986
2196.09,0.535,1.914,0.016,1.1160696683095932
2196.09,0.501,1.773,0.018,1.4608429603534785
2196.11,0.58,1.674,0.019,1.0505980857055357
2196.11,0.52,1.542,0.019,1.3384879844144417
2196.11,0.56,1.684,0.019,1.3818318478729987
2196.12,0.551,1.641,0.018,1.0699792664413794
2196.13,0.525,1.557,0.017,1.4852491225715851
2196.13,0.585,1.685,0.017,1.3735285989382406
2196.13,0.582,1.909,0.018,1.2892008310894392
2196.14,0.599,1.748,0.016,1.2326745321996417
2196.15,0.545,1.729,0.017,1.1134202141790233
2196.15,0.578,1.579,0.018,1.4883176118396937
2196.16,0.503,1.918,0.017,1.243457641834815
2196.16,0.577,1.74,0.019,1.078556227810508
2196.18,0.518,1.636,0.016,1.2039870707959073
2196.18,0.554,1.653,0.019,1.4216302925322637
2196.19,0.574,1.654,0.018,1.3656323174859406
2196.21,0.519,1.584,0.018,1.3604775984626718
2196.22,0.538,1.883,0.017,1.189700433839624
2196.23,0.516,1.528,0.016,1.3904203437053306
2196.23,0.539,1.778,0.016,1.1808987235921844
2196.23,0.552,1.515,0.017,1.0785049939328062
2196.23,0.572,1.725,0.018,1.3721167821558284
2196.24,0.517,1.666,0.017,1.374107328050966
2196.27,0.526,1.699,0.019,1.3322061302510817
2196.27,0.538,1.783,0.018,1.3331662065536307
2196.28,0.597,1.986,0.018,1.4992713659023178
2196.29,0.516,1.507,0.019,1.3017704723905825
2196.3,0.521,1.748,0.015,1.349125833248539
2196.3,0.59,1.768,0.016,1.0361056224074547
2196.3,0.591,1.657,0.016,1.0498900651710747
2196.32,0.5,1.8,0.018,1.3143182246308522
2196.32,0.58,1.859,0.016,1.4115904581167935
2196.32,0.506,1.779,0.016,1.1368274015978843
2196.33,0.591,1.71,0.015,1.1363962067011832
2196.34,0.517,1.852,0.018,1.1275009319597655
2196.34,0.511,1.682,0.018,1.239411470065446
2196.35,0.572,1.761,0.017,1.3829283592207346
2196.35,0.531,1.99,0.015,1.2942273301123575
2196.36,0.507,1.911,0.019,1.3751195344939804
2196.37,0.526,1.566,0.018,1.0393335939784882
2196.37,0.537,1.713,0.016,1.0343057076593638
2196.37,0.562,1.853,0.017,1.275658808094921
2196.38,0.591,1.513,0.017,1.025349117643111
2196.38,0.592,1.697,0.017,1.4212163701345986
2196.38,0.576,1.673,0.019,1.4329803952737399
2196.39,0.533,1.519,0.018,1.2783349091486258
2196.4,0.536,1.612,0.019,1.1452891832209233
2196.4,0.507,1.866,0.019,1.1214413358644937
2196.41,0.512,1.658,0.016,1.020579743228324
2196.42,0.588,1.69,0.015,1.288039155668352
2196.42,0.55,1.614,0.016,1.1484052631185573
2196.42,0.532,1.601,0.016,1.2636933247694846
2196.43,0.578,1.582,0.018,1.3191024870617294
2196.44,0.565,1.677,0.016,1.4366571600867026
2196.44,0.535,1.695,0.015,1.395961932712843
2196.44,0.591,1.5,0.019,1.178514880890696
2196.46,0.517,1.573,0.015,1.1562738423929855
2196.46,0.545,1.77,0.018,1.4665670948712488
2196.47,0.541,1.634,0.016,1.10223353714135
2196.47,0.507,1.567,0.019,1.1233451670796921
2196.47,0.586,1.705,0.016,1.2401798306357277
2196.48,0.577,1.867,0.019,1.3279455172176522
2196.48,0.503,1.781,0.017,1.0658300251237771
2196.48,0.569,1.851,0.019,1.108219356345748
2196.49,0.56,1.975,0.017,1.1618387747632262
2196.5,0.561,1.735,0.017,1.402663435180087
2196.51,0.567,1.971,0.016,1.4303504096533863
2196.52,0.558,1.86,0.016,1.3475106706888504
2196.52,0.571,1.844,0.019,1.1678660402534877
2196.53,0.585,1.694,0.018,1.4706736744021516
2196.53,0.501,1.72,0.016,1.1225445256437918
2196.53,0.525,1.527,0.018,1.414981314854717
2196.54,0.537,1.58,0.016,1.2966263533681883
2196.54,0.567,1.627,0.018,1.3939358728846698
2196.54,0.507,1.811,0.019,1.4530236567168529
2196.55,0.558,1.922,0.015,1.0560004112654253
2196.55,0.583,1.924,0.017,1.3779892240391753
2196.56,0.554,1.663,0.019,1.316554664590896
2196.56,0.591,1.983,0.016,1.271820441007862
2196.56,0.595,1.506,0.015,1.4351261265761082
2196.56,0.566,1.942,0.015,1.140462675536666
2196.59,0.52,1.692,0.018,1.156861634614412
2196.59,0.591,1.738,0.019,1.3456445751082424
2196.6,0.536,1.647,0.015,1.4558629290572687
2196.61,0.557,1.964,0.015,1.4417567358668417
2196.62,0.539,1.928,0.019,1.371533070579305
2196.62,0.528,1.534,0.019,1.0010266071797789
2196.62,0.564,1.899,0.018,1.3245855655821548
2196.64,0.548,1.786,0.018,1.4286348634555552
2196.64,0.521,1.995,0.018,1.0893896866929187
2196.64,0.598,1.965,0.017,1.211640679073915
2196.65,0.504,1.557,0.018,1.4009949327012017
2196.65,0.57,1.651,0.019,1.009361709016155
2196.66,0.554,1.987,0.019,1.4332987377052313
2196.66,0.549,1.897,0.017,1.3165625931473912
2196.66,0.551,1.525,0.017,1.2219154910499226
2196.67,0.506,1.558,0.018,1.4775687179288644
2196.67,0.536,1.646,0.019,1.0495138864695623
2196.67,0.552,1.801,0.018,1.35136446483035
2196.67,0.528,1.605,0.019,1.134470018751444
2196.68,0.53,1.815,0.019,1.3495438075499147
2196.69,0.582,1.715,0.018,1.0470344136080665
2196.7,0.593,1.629,0.017,1.070463040050818
2196.71,0.512,1.91,0.017,1.3666434514327586
2196.71,0.531,1.631,0.016,1.4561451009936635
2196.72,0.597,1.952,0.018,1.4202196831059846
2196.72,0.584,1.544,0.018,1.410493260349288
2196.72,0.571,1.617,0.017,1.3172992070140754
2196.73,0.584,1.792,0.019,1.44812487585801
2196.73,0.556,1.742,0.015,1.124967193012739
2196.73,0.51,1.966,0.015,1.0063733128157017
2196.74,0.548,1.81,0.015,1.4843961255364577
2196.74,0.582,1.525,0.019,1.0557817580407047
2196.74,0.518,1.938,0.017,1.367590340348818
2196.75,0.505,1.816,0.016,1.3112929616681692
2196.75,0.508,1.947,0.018,1.1367840055164689
2196.75,0.565,1.567,0.015,1.3475331665295647
2196.75,0.557,1.63,0.019,1.0498752717417426
2196.76,0.518,1.8,0.017,1.1376097240041396
2196.77,0.566,1.954,0.016,1.1482070987074977
2196.77,0.501,1.911,0.018,1.4255363569702209
2196.78,0.542,1.557,0.015,1.021465969488694
2196.79,0.529,1.634,0.016,1.337894112325917
2196.8,0.561,1.744,0.018,1.4298005192259788
2196.8,0.549,1.952,0.019,1.2740833181665405
2196.8,0.585,1.674,0.017,1.191391297029206
2196.8,0.579,1.534,0.018,1.0306409782185821
2196.81,0.562,1.806,0.019,1.0996496063792243
2196.82,0.587,1.638,0.015,1.3217686242631723
2196.82,0.528,1.786,0.016,1.3353898518519358
2196.82,0.519,1.647,0.015,1.3246556775375862
2196.83,0.597,1.911,0.015,1.1989730433326706
2196.83,0.523,1.584,0.015,1.486761882517192
2196.83,0.599,1.517,0.017,1.2697302568475124
2196.87,0.535,1.759,0.017,1.3992468998598593
2196.88,0.53,1.744,0.018,1.2505602919136558
2196.88,0.531,1.908,0.019,1.3768239628238956
2196.89,0.551,1.902,0.018,1.4807870253468938
2196.91,0.523,1.86,0.018,1.3193718788719548
2196.91,0.597,1.717,0.018,1.3164472023396163
2196.92,0.559,1.932,0.016,1.0984817613955749
2196.92,0.531,1.814,0.018,1.3360314107366102
2196.92,0.539,1.901,0.015,1.2295966545877355
2196.92,0.589,1.842,0.019,1.165583337467873
2196.93,0.58,1.976,0.018,1.1233077141698453
2196.93,0.554,1.607,0.015,1.2785700268713844
2196.94,0.572,1.704,0.015,1.4200190214404695
2196.94,0.504,1.835,0.017,1.3321314555930628
2196.95,0.587,1.943,0.015,1.189331028717894
2196.95,0.542,1.806,0.019,1.2655100155895167
2196.96,0.556,1.564,0.019,1.3357102586421905
2196.96,0.595,1.75,0.019,1.4954025348497118
2196.97,0.549,1.594,0.016,1.3036014590118756
2196.98,0.584,1.814,0.018,1.4658570478348747
2196.99,0.559,1.505,0.019,1.1561999677933756
2197.0,0.567,1.933,0.015,1.4337497642299817
2197.0,0.561,1.878,0.016,1.4201641520287243
2197.01,0.564,1.991,0.016,1.1720971086616758
2197.01,0.586,1.985,0.016,1.3217694579634114
2197.02,0.571,1.926,0.015,1.4028891953023743
2197.02,0.555,1.824,0.018,1.0553506632408696
2197.03,0.508,1.644,0.015,1.2582771102746824
2197.05,0.579,1.67,0.016,1.4632190513870749
2197.06,0.599,1.943,0.017,1.1741283014113104
2197.06,0.543,1.907,0.018,1.057092135579585
2197.07,0.591,1.852,0.015,1.4515988844124241
2197.09,0.59,1.971,0.016,1.2910543934164407
2197.1,0.574,1.658,0.017,1.0409496131153098
2197.1,0.575,1.905,0.017,1.3811672539657869
2197.11,0.51,1.836,0.019,1.3290294418930824
2197.12,0.535,1.536,0.019,1.2479711459652576
2197.13,0.589,1.848,0.019,1.0024095236322057
2197.14,0.534,1.949,0.015,1.3841840457444534
2197.14,0.531,1.646,0.015,1.2407175438432176
2197.15,0.598,1.537,0.017,1.32288131173637
2197.15,0.517,1.511,0.018,1.4779771583005397
2197.15,0.53,1.78,0.015,1.4991173746376059
2197.16,0.502,1.886,0.019,1.2797917971758561
2197.17,0.57,1.517,0.018,1.052959470277702
2197.17,0.594,1.858,0.019,1.285215489960735
2197.19,0.57,1.607,0.015,1.2454476810515818
2197.2,0.567,1.992,0.018,1.244138409154976
2197.2,0.599,1.912,0.018,1.1656862706015123
2197.21,0.584,1.812,0.018,1.16188731658589
2197.21,0.59,1.947,0.016,1.2300796660966455
2197.21,0.508,1.923,0.016,1.2512656885682332
2197.23,0.558,1.951,0.016,1.1080446797946277
2197.24,0.512,1.736,0.019,1.1188519475651488
2197.24,0.573,1.774,0.018,1.188814159278933
2197.24,0.544,1.877,0.015,1.4946323887170048
2197.24,0.593,1.847,0.017,1.1351125375209317
2197.28,0.534,1.894,0.016,1.1064448288561861
2197.28,0.591,1.569,0.016,1.4055783124081502
2197.29,0.542,1.755,0.017,1.1650991977766525
2197.3,0.546,1.78,0.018,1.0715881677494716
2197.3,0.547,1.853,0.016,1.2498802007727199
2197.31,0.557,1.726,0.016,1.3279797916224618
2197.31,0.543,1.964,0.015,1.3180397235026136
2197.31,0.573,1.902,0.018,1.0200064288316901
2197.31,0.552,1.688,0.018,1.0019938341517747
2197.32,0.541,1.743,0.015,1.1927908291227143
2197.32,0.587,1.954,0.018,1.4230684950027355
2197.32,0.547,1.515,0.015,1.4644016932930126
2197.32,0.505,1.804,0.015,1.4469516741683282
2197.33,0.523,1.597,0.019,1.3932634712135914
2197.33,0.543,1.616,0.017,1.4900702047982233
2197.33,0.599,1.907,0.019,1.398264774450383
2197.33,0.542,1.94,0.015,1.291167325145059
2197.34,0.507,1.534,0.016,1.3643213520880673
2197.34,0.582,1.933,0.015,1.3506531880029362
2197.34,0.518,1.951,0.016,1.307787295829817
2197.34,0.504,1.596,0.017,1.3368251897280743
2197.35,0.571,1.93,0.016,1.3462349016327666
2197.35,0.56,1.558,0.019,1.2902549007683968
2197.36,0.512,1.859,0.016,1.4650488064279783
2197.37,0.597,1.769,0.018,1.3935454706265005
2197.37,0.516,1.881,0.016,1.1346989485550905
2197.38,0.528,1.938,0.018,1.2783382306871554
2197.38,0.581,1.642,0.018,1.286725710855995
2197.38,0.504,1.594,0.019,1.0510831721181497
2197.39,0.581,1.636,0.017,1.3056500509210727
2197.39,0.594,1.535,0.015,1.3108522889918293
2197.39,0.565,1.796,0.019,1.0515634974707848
2197.4,0.574,1.876,0.015,1.1308939478494482
2197.4,0.5,1.996,0.018,1.0784431994331876
2197.43,0.514,1.916,0.016,1.2850579815026473
2197.43,0.529,1.683,0.015,1.1569188454553037
2197.43,0.515,1.74,0.017,1.1444675092648278
2197.44,0.536,1.535,0.017,1.2247324309913192
2197.44,0.558,1.904,0.019,1.1811934266031516
2197.45,0.576,1.972,0.016,1.136821120486042
2197.45,0.584,1.941,0.019,1.0573615708691633
2197.45,0.574,1.507,0.018,1.1596045060665012
2197.45,0.511,1.552,0.017,1.2015772386378507
2197.46,0.535,1.686,0.017,1.4141035495257748
2197.47,0.559,1.757,0.017,1.4040221904191459
2197.47,0.522,1.622,0.015,1.2840706757508276
2197.47,0.523,1.618,0.016,1.2952121701803052
2197.48,0.531,1.717,0.019,1.4967047227478283
2197.48,0.582,1.657,0.019,1.2143710208090925
2197.48,0.583,1.755,0.015,1.044654059215595
2197.49,0.588,1.8,0.019,1.3371112362035051
2197.49,0.505,1.766,0.019,1.296864239646484
2197.51,0.523,1.558,0.018,1.2286764558078667
2197.51,0.527,1.938,0.019,1.1816796387997746
2197.51,0.506,1.703,0.019,1.3770341581609982
2197.51,0.502,1.63,0.017,1.114353292663313
2197.51,0.524,1.673,0.016,1.0587082474136154
2197.51,0.536,1.556,0.015,1.0207561951072768
2197.53,0.57,1.729,0.019,1.4261992038225795
2197.53,0.524,1.858,0.018,1.1895828847502676
2197.53,0.576,1.804,0.015,1.4088367572295657
2197.54,0.5,1.543,0.018,1.2939342952667732
2197.56,0.573,1.87,0.019,1.2844588105510575
2197.56,0.521,1.731,0.015,1.3523106535044744
2197.57,0.589,1.596,0.016,1.158778903500879
2197.57,0.515,1.531,0.018,1.0016863330160675
2197.57,0.521,1.806,0.016,1.4536645494029783
2197.57,0.58,1.602,0.018,1.3695576402641578
2197.58,0.581,1.828,0.016,1.2973094131718117
2197.59,0.594,1.623,0.018,1.3895729722680619
2197.59,0.523,1.837,0.019,1.272407526597454
2197.61,0.542,1.649,0.019,1.0111188866210952
2197.61,0.544,1.765,0.016,1.1875986477266347
2197.63,0.532,1.627,0.016,1.4589032445640833
2197.63,0.576,1.777,0.017,1.0342360462675553
2197.64,0.513,1.652,0.016,1.395940630538453
2197.64,0.579,1.823,0.015,1.3170947458049946
2197.65,0.587,1.514,0.019,1.1593393831649756
2197.65,0.525,1.998,0.017,1.0860762781796036
2197.65,0.51,1.972,0.017,1.4661114330879663
2197.66,0.517,1.983,0.017,1.320845973752209
2197.66,0.543,1.718,0.015,1.1759247134185955
2197.67,0.542,1.826,0.018,1.1606773441329212
2197.69,0.525,1.957,0.017,1.1892577649382416
2197.69,0.538,1.901,0.018,1.1742422474286383
2197.7,0.57,1.515,0.018,1.4356034659664987
2197.7,0.516,1.911,0.017,1.3572727148301773
2197.7,0.517,1.639,0.016,1.3540535321572513
2197.7,0.572,1.966,0.015,1.3862526121138752
2197.7,0.512,1.745,0.019,1.061163613024077
2197.71,0.549,1.555,0.015,1.1482672513406758
2197.72,0.595,1.77,0.017,1.2480277226622722
2197.73,0.592,1.625,0.019,1.3835332983554207
2197.74,0.519,1.769,0.015,1.4994106438567725
2197.74,0.599,1.589,0.019,1.2279900667258783
2197.74,0.536,1.9,0.019,1.3559311494492718
2197.75,0.573,1.928,0.015,1.348406803823658
2197.75,0.536,1.914,0.016,1.2112613735108646
2197.76,0.534,1.723,0.017,1.4957868855463123
2197.77,0.536,1.916,0.015,1.456453661957395
2197.8,0.589,1.544,0.019,1.3518302567910554
2197.81,0.585,1.879,0.018,1.1302177430310982
2197.81,0.564,1.673,0.016,1.0329969991711656
2197.81,0.519,1.786,0.015,1.1852339174658537
2197.81,0.586,1.563,0.017,1.198472985466628
2197.82,0.561,1.693,0.015,1.1205527543324658
2197.82,0.508,1.758,0.016,1.2654437332005792
2197.83,0.51,1.946,0.015,1.0538728434617812
2197.83,0.586,1.684,0.015,1.223599874542646
2197.83,0.574,1.732,0.018,1.3899331097780712
2197.84,0.558,1.794,0.015,1.1344349190441207
2197.84,0.515,1.554,0.016,1.2041862846221456
2197.84,0.585,1.805,0.018,1.0901059340231165
2197.85,0.522,1.619,0.015,1.165677684965251
2197.85,0.593,1.875,0.016,1.2751356724483973
2197.85,0.534,1.716,0.015,1.200178336557399
2197.85,0.568,1.628,0.015,1.1433219810082167
2197.86,0.599,1.857,0.016,1.0200290673624013
2197.87,0.546,1.941,0.016,1.4783588416885727
2197.88,0.525,1.728,0.017,1.3494256430483829
2197.88,0.554,1.752,0.019,1.1391849313112532
2197.89,0.548,1.657,0.018,1.3113418434194515
2197.89,0.597,1.778,0.018,1.2822806329254943
2197.9,0.535,1.671,0.019,1.4088749046770639
2197.9,0.512,1.876,0.019,1.2279658027611067
2197.9,0.564,1.688,0.018,1.197480609377312
2197.9,0.595,1.63,0.015,1.0532041110573958
2197.9,0.598,1.821,0.015,1.2752426122609843
2197.91,0.541,1.927,0.019,1.0490216387147953
2197.92,0.571,1.651,0.018,1.1632253804900194
2197.92,0.555,1.944,0.018,1.2561204034359554
2197.93,0.541,1.91,0.017,1.453559972991717
2197.95,0.586,1.792,0.019,1.1761323204748089
2197.95,0.594,1.543,0.015,1.4519549062995425
2197.95,0.536,1.681,0.018,1.1960501196274334
2197.97,0.592,1.717,0.018,1.4759167879058581
2197.98,0.567,1.848,0.017,1.1214982722509532
2197.99,0.501,1.978,0.016,1.2946288403939672
2198.0,0.585,1.887,0.017,1.0137125256887636
2198.0,0.504,1.83,0.017,1.073521545460598
2198.0,0.597,1.838,0.017,1.2711417334339987
2198.02,0.508,1.533,0.015,1.3684894355547745
2198.02,0.5,1.743,0.016,1.1635796820268034
2198.02,0.53,1.804,0.015,1.1947374038535632
2198.03,0.565,1.977,0.018,1.2981439051876127
2198.03,0.522,1.958,0.016,1.2326431863242753
2198.04,0.501,1.895,0.017,1.383131242657129
2198.05,0.542,1.784,0.017,1.4587927818648077
2198.06,0.525,1.858,0.016,1.2491696437682538
2198.06,0.543,1.535,0.018,1.0268077835875729
2198.07,0.518,1.786,0.016,1.3976230908949414
2198.07,0.577,1.977,0.019,1.0841867269790912
2198.08,0.527,1.805,0.015,1.22469185638468
2198.11,0.533,1.969,0.019,1.2993366398965598
2198.12,0.569,1.526,0.016,1.2467066657649186
2198.12,0.595,1.539,0.015,1.2064342601324023
2198.13,0.564,1.533,0.016,1.1779019782361968
2198.15,0.55,1.549,0.015,1.3239011979668593
2198.16,0.598,1.714,0.017,1.1332045007971685
2198.17,0.589,1.588,0.015,1.0165695773761396
2198.17,0.507,1.767,0.017,1.0371599539185739
2198.17,0.557,1.97,0.018,1.0653372730519146
2198.18,0.599,1.535,0.018,1.246645275413154
2198.2,0.562,1.611,0.019,1.3730450095839417
2198.21,0.526,1.641,0.017,1.0857072287047134
2198.22,0.538,1.541,0.015,1.3302619584462034
2198.22,0.517,1.763,0.017,1.2523079350213209
2198.22,0.576,1.779,0.017,1.262606525056781
2198.22,0.574,1.932,0.018,1.2081986582859021
2198.23,0.589,1.872,0.016,1.4413779566082776
2198.23,0.564,1.598,0.019,1.3058030744265006
2198.24,0.543,1.8,0.019,1.0552885744524705
2198.25,0.564,1.747,0.017,1.0155310891235911
2198.26,0.501,1.551,0.018,1.390355330607767
2198.26,0.588,1.98,0.019,1.0602786751556383
2198.29,0.5,1.724,0.017,1.3653271823517286
2198.29,0.536,1.667,0.015,1.399935877593032
2198.29,0.501,1.576,0.015,1.4599149481880047
2198.29,0.588,1.583,0.015,1.0910506416513783
2198.29,0.569,1.87,0.017,1.4713222489476072
2198.3,0.584,1.602,0.016,1.158568620407701
2198.31,0.52,1.585,0.018,1.2467881050036969
2198.31,0.581,1.598,0.019,1.3041959510952967
2198.32,0.579,1.788,0.015,1.277246800764509
2198.32,0.518,1.952,0.016,1.222905893571415
2198.32,0.576,1.703,0.017,1.2144718543228654
2198.33,0.532,1.925,0.019,1.3953551675634208
2198.34,0.565,1.894,0.016,1.0307307256243001
2198.34,0.562,1.936,0.018,1.2707040461866739
2198.34,0.539,1.896,0.018,1.193093571939511
2198.34,0.592,1.993,0.015,1.3042727561854603
2198.35,0.522,1.592,0.017,1.359151064104789
2198.35,0.568,1.865,0.018,1.4632321074182189
2198.35,0.572,1.679,0.016,1.4366253276736478
2198.36,0.574,1.947,0.019,1.2580489197046354
2198.36,0.501,1.976,0.019,1.2073411978047686
2198.37,0.536,1.795,0.015,1.467767927288616
2198.37,0.506,1.706,0.017,1.3564087411757964
2198.37,0.535,1.775,0.019,1.3925017197144876
2198.38,0.5,1.974,0.017,1.2146729905080969
2198.39,0.552,1.864,0.018,1.158922375547086
2198.39,0.542,1.853,0.016,1.4307252268506163
2198.4,0.579,1.845,0.016,1.2216148948494576
2198.41,0.535,1.545,0.018,1.4832489138036398
2198.42,0.536,1.779,0.019,1.0562042556141178
2198.42,0.568,1.888,0.018,1.3584634532067876
2198.42,0.538,1.735,0.018,1.1521001611439972
2198.42,0.508,1.922,0.017,1.193688007712962
2198.43,0.509,1.507,0.016,1.4602456709793092
2198.43,0.544,1.605,0.015,1.2049638219875765
2198.43,0.544,1.853,0.019,1.0151639011524576
2198.43,0.54,1.936,0.016,1.0957579026531516
2198.44,0.568,1.526,0.017,1.003764962762503
2198.44,0.52,1.753,0.019,1.3304840842867838
2198.44,0.571,1.54,0.015,1.2455900081636693
2198.45,0.587,1.834,0.018,1.4501363614669782
2198.46,0.516,1.932,0.019,1.2772345214683098
2198.47,0.556,1.86,0.016,1.464652143791083
2198.47,0.59,1.501,0.017,1.2038311464630551
2198.49,0.528,1.559,0.016,1.3227558047765735
2198.5,0.521,1.995,0.016,1.3388528681453389
2198.51,0.531,1.955,0.016,1.2422953266689463
2198.51,0.506,1.507,0.016,1.4007196544925093
2198.52,0.589,1.734,0.016,1.0970606091068413
2198.53,0.503,1.751,0.016,1.2593372723032705
2198.53,0.512,1.815,0.015,1.097037085919892
2198.53,0.541,1.559,0.016,1.234599302183805
2198.55,0.514,1.992,0.019,1.2072454644617907
2198.56,0.532,1.598,0.017,1.3727721503686503
2198.58,0.562,1.802,0.017,1.1807351100558476
2198.58,0.51,1.919,0.019,1.0595736827483657
2198.58,0.55,1.841,0.016,1.2993623044012481
2198.59,0.503,1.937,0.018,1.0809389227563018
2198.59,0.511,1.692,0.018,1.3482230381076392
2198.59,0.506,1.541,0.015,1.4115602800286344
2198.59,0.595,1.931,0.018,1.4467891429004989
2198.6,0.565,1.625,0.019,1.3919287986361046
2198.61,0.568,1.994,0.015,1.3084120775808672
2198.61,0.589,1.754,0.019,1.327870948072418
2198.62,0.526,1.877,0.017,1.07356410758246
2198.62,0.574,1.732,0.015,1.4534463632156538
2198.64,0.515,1.756,0.015,1.398323244153089
2198.65,0.547,1.53,0.016,1.4933339222053155
2198.66,0.581,1.705,0.016,1.183932543297419
2198.66,0.545,1.661,0.016,1.4641925109814937
2198.68,0.593,1.519,0.017,1.3356783426432375
2198.69,0.503,1.888,0.018,1.062141037657328
2198.69,0.586,1.582,0.018,1.456818112974565
2198.7,0.544,1.813,0.016,1.355065766933592
2198.7,0.548,1.526,0.017,1.2397057049562137
2198.71,0.504,1.809,0.017,1.405644673985564
2198.71,0.57,1.717,0.018,1.256159555040463
2198.71,0.516,1.736,0.015,1.107685380721135
2198.72,0.558,1.799,0.018,1.4379693441088497
2198.72,0.561,1.611,0.019,1.2935277288217886
2198.72,0.583,1.875,0.019,1.0427276896610378
2198.72,0.569,1.97,0.019,1.39534640446244
2198.73,0.513,1.58,0.017,1.051774080362936
2198.73,0.573,1.68,0.018,1.3947474080077802
2198.74,0.508,1.574,0.018,1.3592553562901148
2198.74,0.504,1.639,0.017,1.3396132950017758
2198.75,0.54,1.798,0.018,1.4888478058970334
2198.76,0.541,1.878,0.018,1.388827445862797
2198.77,0.527,1.757,0.015,1.4554726170002508
2198.77,0.522,1.639,0.017,1.2339759178279357
2198.78,0.516,1.744,0.015,1.4361592452660576
2198.78,0.565,1.88,0.017,1.0523166618942676
2198.79,0.532,1.519,0.019,1.1021932886496333
2198.79,0.548,1.664,0.017,1.2927241131056664
2198.79,0.548,1.911,0.017,1.474641721165808
2198.79,0.535,1.696,0.018,1.039759664374444
2198.8,0.57,1.868,0.019,1.4976249697647552
2198.8,0.595,1.669,0.015,1.0032295198138357
2198.81,0.519,1.666,0.018,1.156963064733788
2198.82,0.549,1.89,0.018,1.0846951144106747
2198.83,0.54,1.873,0.017,1.1095145071212187
2198.83,0.584,1.813,0.019,1.2419368098983246
2198.84,0.535,1.818,0.019,1.1214082215534176
2198.84,0.552,1.563,0.019,1.4600378875857345
2198.84,0.572,1.953,0.016,1.2251801502563546
2198.85,0.562,1.599,0.017,1.3009240753734344
2198.85,0.521,1.537,0.019,1.3709918533432173
2198.85,0.535,1.885,0.016,1.490027786398874
2198.85,0.523,1.942,0.017,1.273186380335421
2198.86,0.584,1.557,0.017,1.0044977955480985
2198.88,0.52,1.879,0.016,1.285318891037442
2198.88,0.521,1.766,0.018,1.267407028753859
2198.89,0.503,1.839,0.018,1.3436337268755967
2198.89,0.51,1.706,0.015,1.4974351443031098
2198.9,0.543,1.711,0.017,1.2548172622160756
2198.91,0.562,1.641,0.015,1.454831915286107
2198.91,0.554,1.735,0.017,1.1524250887299992
2198.92,0.59,1.849,0.015,1.172702078685179
2198.92,0.595,1.683,0.016,1.449144974934055
2198.92,0.535,1.734,0.018,1.2764441009548848
2198.93,0.57,1.561,0.019,1.3813589976557947
2198.93,0.565,1.84,0.018,1.40110748472688
2198.94,0.549,1.815,0.017,1.1247275448112382
2198.94,0.524,1.793,0.018,1.1454002665838254
2198.95,0.519,1.802,0.016,1.212920668743418
2198.97,0.53,1.982,0.018,1.0287610552405422
2198.97,0.518,1.824,0.018,1.148669980454397
2198.97,0.551,1.944,0.018,1.3252512216564607
2198.98,0.551,1.709,0.015,1.4916979663186143
2198.99,0.503,1.822,0.019,1.4626400392653183
2199.0,0.556,1.765,0.018,1.2904016409853236
2199.0,0.535,1.722,0.017,1.1748439766824736
2199.0,0.526,1.959,0.019,1.363640310829238
2199.0,0.579,1.566,0.018,1.3470581167762354
2199.0,0.544,1.672,0.019,1.4995923530388446
2199.01,0.574,1.91,0.015,1.1980789185784602
2199.02,0.586,1.801,0.018,1.1283750946517475
2199.02,0.579,1.907,0.015,1.4688844099183347
2199.02,0.519,1.533,0.016,1.0288481703065862
2199.02,0.572,1.559,0.017,1.293665549397815
2199.02,0.57,1.626,0.015,1.1734132088084281
2199.03,0.564,1.625,0.018,1.345431121378112
2199.04,0.567,1.896,0.016,1.3529712344801494
2199.04,0.575,1.966,0.015,1.0458786636987885
2199.04,0.569,1.618,0.016,1.1386132307902788
2199.05,0.578,1.889,0.017,1.4133222689224265
2199.05,0.506,1.644,0.019,1.3993293159930358
2199.06,0.53,1.524,0.015,1.1516830611511693
2199.06,0.539,1.604,0.019,1.378687510599895
2199.06,0.589,1.906,0.015,1.4271851242670623
2199.07,0.505,1.816,0.016,1.0426740153664058
2199.07,0.56,1.924,0.016,1.1704212448778162
2199.08,0.58,1.524,0.017,1.138287592880054
2199.09,0.52,1.995,0.019,1.3544762239267634
2199.09,0.569,1.623,0.018,1.3212462421047422
2199.1,0.51,1.867,0.018,1.2808311159428682
2199.1,0.521,1.609,0.019,1.2995197347705285
2199.1,0.594,1.924,0.016,1.117466201212694
2199.1,0.517,1.638,0.019,1.1251458593685189
2199.11,0.535,1.84,0.018,1.146413355987537
2199.12,0.538,1.523,0.019,1.1999841817276165
2199.12,0.584,1.609,0.016,1.268989795403241
2199.13,0.549,1.836,0.016,1.438496560970063
2199.13,0.593,1.992,0.019,1.3965269664235975
2199.14,0.51,1.557,0.015,1.1517186014772616
2199.14,0.524,1.576,0.018,1.0368634427907133
2199.15,0.589,1.815,0.015,1.2670421348307044
2199.16,0.533,1.91,0.017,1.023239722733805
2199.16,0.576,1.822,0.017,1.147310081466469
2199.16,0.56,1.785,0.017,1.4547134874582353
2199.16,0.555,1.696,0.019,1.336525396057274
2199.17,0.524,1.98,0.015,1.3616880697428244
2199.17,0.572,1.578,0.018,1.4902928694528637
2199.18,0.569,1.686,0.017,1.164797391156361
2199.18,0.542,1.807,0.018,1.0974000174999234
2199.18,0.572,1.964,0.019,1.3838132357220223
2199.19,0.552,1.546,0.017,1.4763024759090508
2199.19,0.566,1.553,0.018,1.2665759889557722
2199.2,0.587,1.824,0.016,1.1774317579793034
2199.2,0.523,1.663,0.016,1.4982790350717743
2199.2,0.508,1.633,0.016,1.3603208383454275
2199.21,0.551,1.907,0.015,1.1291276949948124
2199.21,0.541,1.867,0.016,1.0558133348120704
2199.22,0.556,1.561,0.019,1.0402358503815565
2199.22,0.514,1.896,0.016,1.0555690272704437
2199.23,0.561,1.827,0.019,1.312104897320888
2199.23,0.546,1.551,0.018,1.0981766995238726
2199.25,0.56,1.889,0.018,1.0472316413683662
2199.26,0.592,1.62,0.017,1.3549735656380695
2199.27,0.522,1.74,0.017,1.1497635175251304
2199.27,0.595,1.847,0.018,1.231332891818468
2199.28,0.545,1.762,0.019,1.2930212917606534
2199.28,0.562,1.991,0.017,1.4625998247837058
2199.28,0.539,1.933,0.018,1.2969916331081177
2199.29,0.598,1.652,0.019,1.3442800094226954
2199.29,0.51,1.63,0.019,1.1503778673843799
2199.31,0.585,1.578,0.015,1.3307149267492007
2199.31,0.584,1.629,0.015,1.4998172330088715
2199.31,0.512,1.732,0.019,1.2063837084270528
2199.34,0.556,1.797,0.017,1.3930377824334383
2199.34,0.51,1.984,0.017,1.3994335162004488
2199.34,0.592,1.991,0.017,1.1860391321261778
2199.35,0.575,1.854,0.016,1.1429569911755308
2199.36,0.581,1.734,0.019,1.2022832519878266
2199.38,0.533,1.519,0.018,1.2717305377396706
2199.39,0.508,1.524,0.017,1.3463697444158038
2199.4,0.597,1.958,0.018,1.4690080557130627
2199.41,0.569,1.77,0.019,1.0308403017078587
2199.41,0.503,1.557,0.017,1.08432525220154
2199.42,0.59,1.95,0.018,1.0124808098622908
2199.42,0.568,1.917,0.017,1.4289024508901544
2199.43,0.543,1.744,0.016,1.203913584282143
2199.43,0.536,1.649,0.019,1.2535692081912642
2199.44,0.566,1.714,0.017,1.4760789655295463
2199.44,0.597,1.508,0.017,1.2887335686818766
2199.46,0.5,1.869,0.015,1.125395915294308
2199.47,0.531,1.771,0.019,1.3978818844305305
2199.49,0.504,1.863,0.015,1.452071094490849
2199.49,0.558,1.678,0.017,1.429008514569435
2199.49,0.517,1.653,0.015,1.4875547685253163
2199.5,0.543,1.553,0.017,1.433357477137326
2199.5,0.55,1.901,0.015,1.3467891892808008
2199.51,0.55,1.585,0.017,1.3540389527298913
2199.51,0.562,1.68,0.017,1.279779511942027
2199.51,0.572,1.864,0.017,1.3976597333986627
2199.51,0.559,1.692,0.017,1.2945392389639871
2199.51,0.53,1.61,0.018,1.472404220368081
2199.52,0.549,1.874,0.015,1.296818249573891
2199.53,0.568,1.58,0.015,1.077388607628351
2199.54,0.554,1.772,0.016,1.127084227756738
2199.55,0.594,1.639,0.019,1.1275758290500573
2199.56,0.506,1.738,0.019,1.0714616038386129
2199.56,0.518,1.927,0.019,1.4386154498827817
2199.56,0.578,1.934,0.016,1.4916725246485292
2199.57,0.564,1.804,0.019,1.3095487681460507
2199.58,0.559,1.504,0.019,1.1176586217567288
2199.58,0.544,1.808,0.016,1.064576544619072
2199.58,0.598,1.949,0.016,1.2600429842358953
2199.58,0.523,1.846,0.017,1.3774998206586662
2199.58,0.521,1.976,0.019,1.1431834017281282
2199.59,0.548,1.618,0.016,1.2273291903774755
2199.59,0.591,1.608,0.016,1.3267532332133876
2199.61,0.596,1.766,0.015,1.124283913365459
2199.63,0.522,1.586,0.017,1.433702935009077
2199.63,0.564,1.735,0.019,1.3943414760911934
2199.63,0.518,1.803,0.015,1.3593038590555493
2199.65,0.54,1.556,0.017,1.354865103056846
2199.65,0.597,1.511,0.019,1.3244057313844373
2199.66,0.559,1.909,0.019,1.1745375487011334
2199.66,0.541,1.531,0.017,1.425312194071466
2199.66,0.526,1.929,0.015,1.1688896495075574
2199.67,0.554,1.84,0.019,1.0180253117560294
2199.68,0.522,1.765,0.018,1.4170986552500295
2199.69,0.549,1.508,0.016,1.4972406451725906
2199.69,0.573,1.538,0.015,1.3141697124989842
2199.69,0.512,1.771,0.019,1.416532834619788
2199.69,0.551,1.904,0.016,1.4591192986077384
2199.7,0.598,1.559,0.018,1.170887641791681
2199.72,0.518,1.605,0.015,1.1314828381162225
2199.72,0.516,1.781,0.016,1.457354701365525
2199.73,0.57,1.764,0.017,1.4668891091575202
2199.74,0.57,1.857,0.018,1.1241323022007597
2199.74,0.551,1.664,0.019,1.0906652127931997
2199.74,0.553,1.765,0.016,1.1755768363532275
2199.75,0.526,1.891,0.019,1.221534290733492
2199.76,0.529,1.96,0.016,1.2158455885486124
2199.76,0.508,1.558,0.016,1.2696382245766862
2199.76,0.548,1.574,0.018,1.1844921147019591
2199.79,0.577,1.539,0.017,1.3729017822562146
2199.79,0.531,1.722,0.018,1.4749358296705042
2199.8,0.529,1.969,0.017,1.231188912899785
2199.8,0.502,1.869,0.015,1.2823374576105384
2199.81,0.539,1.995,0.015,1.436552501955747
2199.81,0.514,1.842,0.015,1.1227287376875978
2199.82,0.578,1.536,0.016,1.0216903971490834
2199.84,0.598,1.968,0.015,1.267154859638774
2199.84,0.571,1.773,0.017,1.0137139321952788
2199.84,0.598,1.831,0.017,1.160840241208154
2199.85,0.551,1.836,0.018,1.3517805909127056
2199.85,0.529,1.966,0.018,1.219146603783944
2199.86,0.511,1.828,0.016,1.1469799026873173
2199.86,0.584,1.579,0.017,1.2711185451804812
2199.87,0.575,1.806,0.016,1.2017284318243269
2199.88,0.589,1.843,0.017,1.363607100464082
2199.88,0.561,1.889,0.015,1.030296186151628
2199.89,0.507,1.996,0.017,1.2341840168817018
2199.89,0.542,1.892,0.018,1.1639613176265051
2199.89,0.584,1.557,0.015,1.1361343310328915
2199.89,0.542,1.931,0.017,1.413033094282533
2199.9,0.507,1.935,0.019,1.2240244653387102
2199.9,0.546,1.753,0.018,1.2013797182907955
2199.91,0.557,1.608,0.019,1.3617086623910188
2199.91,0.567,1.953,0.015,1.3336357300162276
2199.92,0.536,1.832,0.015,1.211109076330578
2199.94,0.514,1.768,0.016,1.1707711277464574
2199.94,0.546,1.715,0.019,1.2686456470758753
2199.94,0.529,1.866,0.018,1.1056078985941367
2199.94,0.511,1.782,0.016,1.4364557380606506
2199.95,0.59,1.784,0.015,1.2416869693661527
2199.96,0.56,1.66,0.018,1.312346496599322
2199.96,0.599,1.572,0.016,1.2969978741315815
2199.96,0.541,1.706,0.015,1.1412947655622858
2199.96,0.529,1.986,0.017,1.4753991184825161
2199.96,0.536,1.877,0.019,1.4037672945426038
2199.96,0.588,1.851,0.015,1.1837017200396007
2199.97,0.555,1.757,0.019,1.2633688113347206
2199.98,0.561,1.651,0.019,1.253744043411182
2199.98,0.524,1.602,0.016,1.4969977990254097
2199.99,0.58,1.952,0.015,1.1329674327423565
2200.0,0.556,1.833,0.016,1.1906756114244625
2200.0,0.568,1.814,0.019,1.4097037954670597
2200.01,0.542,1.79,0.016,1.1015111638959625
2200.03,0.591,1.54,0.018,1.292684753124492
2200.04,0.569,1.52,0.019,1.0333574470360913
2200.04,0.527,1.56,0.019,1.2278530510350725
2200.04,0.587,1.595,0.019,1.1666405856533908
2200.04,0.503,1.553,0.015,1.1456258077099593
2200.04,0.565,1.649,0.019,1.1782918676002847
2200.05,0.509,1.5,0.017,1.460837087110308
2200.06,0.505,1.868,0.015,1.2493970908166814
2200.06,0.544,1.505,0.015,1.3480074908946875
2200.06,0.582,1.555,0.019,1.1850349739591552
2200.06,0.526,1.538,0.015,1.3084543429511675
2200.06,0.596,1.629,0.018,1.4358088587703512
2200.06,0.593,1.529,0.015,1.4767731118057297
2200.07,0.554,1.554,0.015,1.493283893338471
2200.07,0.5,1.658,0.017,1.410141283582559
2200.07,0.589,1.588,0.015,1.3769149505540867
2200.08,0.584,1.715,0.017,1.395876255734097
2200.08,0.528,1.964,0.015,1.085751899928416
2200.1,0.51,1.963,0.019,1.1332016715634337
2200.1,0.514,1.649,0.019,1.0453357046846234
2200.11,0.538,1.908,0.019,1.383372804538137
2200.12,0.574,1.668,0.015,1.4153965124476087
2200.12,0.534,1.592,0.018,1.0604426465147525
2200.13,0.564,1.711,0.016,1.0385927323444104
2200.14,0.56,1.988,0.017,1.4407659337751058
2200.14,0.555,1.573,0.018,1.0136574635995195
2200.15,0.529,1.603,0.018,1.4418897435350735
2200.15,0.569,1.661,0.019,1.4835798389350119
2200.16,0.583,1.841,0.015,1.0084063988144418
2200.16,0.591,1.632,0.019,1.2556859160740714
2200.16,0.563,1.697,0.019,1.1829335817762778
2200.17,0.557,1.859,0.017,1.4981128264040326
2200.17,0.526,1.574,0.017,1.221962948637783
2200.18,0.573,1.769,0.018,1.19036579345275
2200.19,0.564,1.76,0.018,1.3347035518782595
2200.21,0.572,1.543,0.017,1.4711030191174204
2200.23,0.501,1.784,0.019,1.0364189926089542
2200.24,0.53,1.976,0.017,1.2389241343549953
2200.24,0.546,1.622,0.018,1.0130534128878335
2200.25,0.592,1.95,0.019,1.2916226031868887
2200.26,0.532,1.581,0.016,1.0948674187740726
2200.26,0.522,1.715,0.019,1.0348728115140324
2200.26,0.549,1.875,0.017,1.0029701179131312
2200.27,0.59,1.848,0.018,1.03824993353885
2200.27,0.597,1.78,0.018,1.317927422795921
2200.27,0.587,1.654,0.017,1.47622722724831
2200.28,0.51,1.822,0.019,1.2558326126330548
2200.29,0.512,1.519,0.017,1.3151999570795634
2200.29,0.597,1.819,0.017,1.3604831422618888
2200.3,0.591,1.672,0.017,1.2000720590729883
2200.31,0.541,1.877,0.017,1.4369844810652883
2200.31,0.57,1.772,0.015,1.1371512681493618
2200.32,0.52,1.553,0.018,1.045756711056493
2200.32,0.571,1.861,0.015,1.428590766331445
2200.32,0.59,1.558,0.017,1.2499301443373114
2200.34,0.541,1.783,0.017,1.166672289406458
2200.34,0.539,1.892,0.018,1.038918156222405
2200.35,0.506,1.834,0.016,1.4437554809788746
2200.35,0.543,1.632,0.018,1.3553309429664786
2200.36,0.509,1.768,0.017,1.3583603875542698
2200.36,0.516,1.718,0.017,1.4627122157552277
2200.36,0.595,1.661,0.015,1.1010623102868236
2200.36,0.513,1.861,0.018,1.0731866381270732
2200.37,0.504,1.642,0.016,1.4824651978418362
2200.37,0.536,1.821,0.015,1.0049597843564988
2200.37,0.596,1.837,0.015,1.0721511242177004
2200.37,0.558,1.852,0.015,1.2767823361229762
2200.38,0.569,1.968,0.016,1.358046509106356
2200.39,0.504,1.851,0.015,1.3261379505358968
2200.4,0.53,1.851,0.018,1.455591711527929
2200.4,0.531,1.945,0.018,1.0790860305541274
2200.41,0.54,1.956,0.019,1.0117959961632594
2200.42,0.521,1.55,0.019,1.3750262891550382
2200.42,0.529,1.745,0.019,1.3961304067803173
2200.45,0.539,1.544,0.017,1.4853827811637899
2200.48,0.574,1.804,0.017,1.449420162507894
2200.49,0.583,1.903,0.015,1.0608488858444538
2200.51,0.523,1.693,0.019,1.463900785231301
2200.51,0.575,1.96,0.016,1.1836464242961302
2200.52,0.548,1.586,0.018,1.4058581760240514
2200.52,0.59,1.864,0.017,1.2396187147150712
2200.53,0.536,1.934,0.017,1.4906405260848197
2200.53,0.563,1.539,0.018,1.3002346493072188
2200.53,0.577,1.967,0.016,1.4552133508229188
2200.55,0.56,1.697,0.017,1.338917815409657
2200.55,0.546,1.809,0.018,1.4870152113816304
2200.56,0.555,1.744,0.017,1.3392784250478216
2200.56,0.541,1.606,0.016,1.0777050776660235
2200.57,0.589,1.662,0.015,1.3231155797055025
2200.58,0.504,1.833,0.018,1.3193520288889569
2200.58,0.505,1.758,0.018,1.0960456149236038
2200.58,0.531,1.71,0.018,1.4004311962947047
2200.59,0.51,1.744,0.017,1.353001754860704
2200.59,0.595,1.66,0.016,1.4360377654588912
2200.61,0.584,1.748,0.017,1.2074465428831753
2200.62,0.554,1.849,0.017,1.3311325820980175
2200.62,0.541,1.628,0.015,1.0929567784797687
2200.63,0.509,1.79,0.019,1.3670811090086907
2200.63,0.551,1.928,0.019,1.4347114685025275
2200.63,0.512,1.998,0.019,1.0068901159523849
2200.63,0.589,1.643,0.017,1.1780535247731747
2200.64,0.557,1.547,0.018,1.0059245424976402
2200.65,0.595,1.99,0.019,1.0109689307631011
2200.65,0.528,1.788,0.017,1.0098787707002468
2200.65,0.572,1.846,0.017,1.207787192061576
2200.65,0.556,1.541,0.019,1.2609429568362827
2200.66,0.531,1.779,0.017,1.2128636383011953
2200.67,0.523,1.502,0.015,1.0746824732829432
2200.68,0.592,1.781,0.016,1.2178248470517339
2200.68,0.579,1.687,0.018,1.1258455983757698
2200.68,0.525,1.829,0.018,1.1332986313763032
2200.68,0.573,1.875,0.016,1.2822357636075359
2200.69,0.537,1.937,0.018,1.448474916360866
2200.69,0.585,1.517,0.016,1.076602856805005
2200.69,0.503,1.75,0.015,1.3805263726558332
2200.7,0.559,1.833,0.018,1.4242750163676154
2200.71,0.566,1.721,0.015,1.0991153057547178
2200.71,0.578,1.676,0.019,1.1857436875143823
2200.72,0.523,1.997,0.015,1.0189740654048727
2200.72,0.532,1.547,0.016,1.494822591558055
2200.73,0.532,1.663,0.016,1.2813678245453954
2200.73,0.538,1.58,0.016,1.129811480962179
2200.74,0.507,1.592,0.018,1.1154911814230504
2200.74,0.502,1.947,0.017,1.4993372145296369
2200.76,0.533,1.979,0.015,1.1295152422502028
2200.77,0.513,1.976,0.019,1.2565119509125209
2200.78,0.595,1.974,0.018,1.1600053793562335
2200.78,0.534,1.543,0.017,1.0488878435212161
2200.78,0.537,1.948,0.018,1.3466930232674208
2200.79,0.592,1.858,0.018,1.4773686236883312
2200.79,0.542,1.826,0.017,1.156126753218121
2200.79,0.564,1.566,0.017,1.4858954679347418
2200.8,0.596,1.713,0.015,1.0726140263926287
2200.81,0.52,1.687,0.019,1.3321613803055832
2200.81,0.552,1.998,0.018,1.2064360997508348
2200.81,0.53,1.769,0.015,1.4854206154951863
2200.82,0.572,1.642,0.018,1.0062793571908228
2200.82,0.553,1.817,0.017,1.30608658783981
2200.83,0.505,1.783,0.015,1.2755351248251223
2200.83,0.52,1.909,0.018,1.0555201086407238
2200.84,0.542,1.892,0.019,1.4164204980332746
2200.84,0.595,1.971,0.015,1.3976822156826298
2200.84,0.577,1.934,0.018,1.0255538777825717
2200.84,0.559,1.746,0.016,1.156631293568123
2200.84,0.525,1.649,0.017,1.3270782916613084
2200.84,0.558,1.734,0.016,1.2704310091422026
2200.85,0.582,1.656,0.019,1.2781366652794524
2200.85,0.585,1.842,0.018,1.3179717705591
2200.86,0.504,1.853,0.015,1.3212468427483697
2200.87,0.523,1.795,0.015,1.0989715846967256
2200.87,0.567,1.582,0.018,1.3698780048808104
2200.87,0.588,1.826,0.015,1.1206352030376494
2200.87,0.577,1.557,0.015,1.1185689071548954
2200.88,0.573,1.808,0.015,1.0362728093131537
2200.88,0.583,1.764,0.018,1.113900925454281
2200.88,0.526,1.909,0.017,1.3942701993393534
2200.89,0.561,1.588,0.017,1.1477264879115365
2200.89,0.589,1.895,0.015,1.4999862835257929
2200.9,0.549,1.513,0.018,1.3697112956372548
2200.9,0.593,1.763,0.016,1.0396280780232976
2200.9,0.569,1.516,0.018,1.045542778026856
2200.91,0.524,1.742,0.018,1.2373910328095135
2200.91,0.535,1.511,0.018,1.2016332659648246
2200.91,0.582,1.579,0.016,1.0561319104561622
2200.92,0.527,1.827,0.019,1.1029094471373817
2200.93,0.571,1.882,0.019,1.4201511841392818
2200.93,0.583,1.888,0.017,1.153286153961708
2200.93,0.551,1.5,0.017,1.3232957295864989
2200.94,0.505,1.916,0.019,1.1694745520517364
2200.94,0.502,1.629,0.015,1.2928120938117822
2200.95,0.556,1.53,0.017,1.10956124132356
2200.95,0.56,1.577,0.015,1.170468399218008
2200.95,0.594,1.922,0.015,1.253894837018925
2200.96,0.505,1.636,0.018,1.2608552267959958
2200.96,0.516,1.74,0.018,1.32443228427895
2200.97,0.559,1.929,0.019,1.479486472506046
2200.97,0.589,1.673,0.015,1.1546613438865583
2200.97,0.556,1.581,0.016,1.221897371056941
2200.98,0.566,1.596,0.018,1.4448439685458507
2200.98,0.576,1.969,0.016,1.3741798613832499
2200.99,0.578,1.671,0.015,1.1340312601780935
2200.99,0.554,1.633,0.016,1.271533432911206
2201.01,0.507,1.731,0.018,1.102347328497581
2201.01,0.504,1.553,0.017,1.315757602321073
2201.02,0.563,1.686,0.018,1.4859604051153121
2201.02,0.546,1.933,0.018,1.3620790950377697
2201.02,0.557,1.991,0.019,1.3495534373078535
2201.03,0.515,1.646,0.016,1.371343320433189
2201.04,0.598,1.662,0.018,1.1400193192393846
2201.05,0.573,1.581,0.017,1.0489930218355505
2201.05,0.586,1.814,0.019,1.181236347643614
2201.05,0.549,1.877,0.018,1.3258485319286315
2201.06,0.534,1.617,0.016,1.2301995552536247
2201.06,0.564,1.54,0.017,1.437623479786351
2201.06,0.575,1.952,0.015,1.4311787644531946
2201.06,0.546,1.732,0.015,1.4065080078422976
2201.07,0.51,1.864,0.016,1.1767156771032123
2201.07,0.538,1.563,0.016,1.4407366396990318
2201.09,0.568,1.551,0.016,1.0045771044165523
2201.09,0.584,1.872,0.015,1.4335215372250465
2201.1,0.586,1.561,0.016,1.4734901551090769
2201.1,0.597,1.98,0.019,1.2778653248552891
2201.11,0.558,1.783,0.015,1.199503345664871
2201.11,0.523,1.901,0.016,1.143234370991551
2201.11,0.585,1.631,0.015,1.1818922912891117
2201.11,0.563,1.557,0.017,1.2452235288751272
2201.12,0.571,1.615,0.018,1.2210501795737405
2201.12,0.546,1.892,0.018,1.4679841946205958
2201.14,0.558,1.798,0.016,1.2602339159783102
2201.14,0.551,1.631,0.017,1.1743898119260319
2201.14,0.55,1.88,0.017,1.2889587599785048
2201.16,0.528,1.563,0.019,1.4232173208250891
2201.17,0.558,1.855,0.017,1.284877290715531
2201.17,0.581,1.872,0.019,1.3915971653939532
2201.17,0.538,1.635,0.015,1.0320377604261195
2201.19,0.532,1.942,0.019,1.2297206229939688
2201.19,0.528,1.903,0.018,1.0445973906225592
2201.19,0.582,1.983,0.015,1.380931633737081
2201.19,0.519,1.939,0.015,1.1028991472906142
2201.2,0.598,1.762,0.017,1.2128095671647643
2201.21,0.512,1.803,0.017,1.3342750961546832
2201.21,0.584,1.617,0.017,1.2438190578277386
2201.21,0.521,1.598,0.019,1.1829398915456955
2201.22,0.501,1.577,0.017,1.030465189323914
2201.22,0.57,1.922,0.019,1.109752679150271
2201.23,0.552,1.943,0.016,1.0915066321506546
2201.24,0.569,1.842,0.017,1.335718176551889
2201.25,0.513,1.524,0.019,1.130403476069051
2201.25,0.513,1.571,0.015,1.3083879224858157
2201.25,0.53,1.669,0.016,1.4699526903525078
2201.25,0.562,1.679,0.015,1.0627878601057819
2201.27,0.556,1.676,0.017,1.4801021843985627
2201.27,0.503,1.951,0.016,1.105480939551181
2201.27,0.557,1.681,0.016,1.104714416390598
2201.28,0.507,1.952,0.019,1.2165585721596583
2201.28,0.512,1.512,0.015,1.1662551063007458
2201.29,0.562,1.531,0.019,1.0750977710098775
2201.29,0.524,1.575,0.017,1.436332798461887
2201.29,0.528,1.563,0.015,1.041870586007818
2201.3,0.548,1.876,0.015,1.3064680183305275
2201.3,0.568,1.519,0.018,1.1812829058076306
2201.32,0.544,1.718,0.018,1.3562642117781833
2201.32,0.567,1.874,0.017,1.3057321338695085
2201.33,0.513,1.711,0.019,1.3028930110344066
2201.33,0.551,1.901,0.015,1.080778129744733
2201.34,0.555,1.626,0.017,1.1743878241501675
2201.34,0.581,1.711,0.016,1.0455572055290028
2201.34,0.567,1.751,0.015,1.3792870341263979
2201.34,0.513,1.52,0.018,1.0783855594284009
2201.35,0.596,1.753,0.019,1.2970856566472517
2201.35,0.537,1.936,0.016,1.2603372259161605
2201.35,0.543,1.668,0.019,1.3144311992201319
2201.36,0.507,1.836,0.015,1.4391319579668358
2201.36,0.594,1.85,0.017,1.3878218139649645
2201.36,0.558,1.715,0.019,1.0236472773745102
2201.37,0.554,1.587,0.019,1.1230602225749706
2201.38,0.515,1.677,0.017,1.3567762340490215
2201.39,0.519,1.962,0.016,1.425650196253658
2201.39,0.567,1.546,0.016,1.2724987375737136
2201.41,0.536,1.991,0.018,1.2389006319712461
2201.41,0.521,1.588,0.018,1.302209004025622
2201.41,0.512,1.873,0.016,1.4228540494585475
2201.43,0.537,1.662,0.019,1.096576658736842
2201.43,0.578,1.833,0.018,1.2209981729016803
2201.44,0.576,1.721,0.019,1.0229192910143614
2201.45,0.501,1.856,0.019,1.3639373842825386
2201.45,0.568,1.886,0.016,1.2807388434181477
2201.45,0.563,1.72,0.017,1.192489411768157
2201.46,0.57,1.776,0.017,1.3374957421704345
2201.49,0.543,1.559,0.017,1.1804618003059453
2201.49,0.588,1.98,0.018,1.4527260629511598
2201.49,0.513,1.756,0.018,1.2056047690059524
2201.49,0.594,1.647,0.019,1.3033928083971273
2201.49,0.584,1.56,0.015,1.1140492803841535
2201.51,0.571,1.908,0.018,1.1399104960868984
2201.51,0.568,1.908,0.016,1.0148351267631202
2201.52,0.59,1.744,0.015,1.373662769356857
2201.52,0.557,1.53,0.015,1.4231497253586554
2201.52,0.552,1.718,0.016,1.4427657473217186
2201.52,0.542,1.742,0.019,1.296376238079786
2201.53,0.51,1.519,0.019,1.1107852913251106
2201.53,0.528,1.999,0.015,1.1888561315481214
2201.53,0.562,1.609,0.015,1.0197919619936087
2201.54,0.555,1.902,0.017,1.129144461994251
2201.55,0.52,1.87,0.015,1.1580304562488108
2201.55,0.576,1.672,0.018,1.3595112401770761
2201.56,0.522,1.597,0.018,1.3374659626501424
2201.57,0.582,1.594,0.015,1.0628038815477399
2201.57,0.539,1.888,0.016,1.0299857715203498
2201.57,0.573,1.563,0.015,1.1495307909100965
2201.57,0.59,1.926,0.019,1.1853968357654174
2201.58,0.576,1.722,0.015,1.3711761879283126
2201.59,0.562,1.985,0.018,1.2199461593556695
2201.59,0.571,1.938,0.017,1.2422583314366127
2201.59,0.561,1.529,0.015,1.4902925400984781
2201.6,0.528,1.514,0.015,1.1421380479370604
2201.6,0.598,1.765,0.017,1.4407976384738825
2201.61,0.599,1.598,0.018,1.340865773579706
2201.61,0.599,1.863,0.019,1.464158548433054
2201.63,0.516,1.866,0.018,1.2257686021120864
2201.63,0.505,1.688,0.017,1.0899055206219366
2201.63,0.539,1.754,0.019,1.0955367342219895
2201.63,0.539,1.757,0.015,1.057402805538323
2201.65,0.59,1.67,0.019,1.3120860152558536
2201.65,0.519,1.87,0.017,1.3951828292517345
2201.66,0.565,1.519,0.017,1.280021669274064
2201.66,0.515,1.624,0.016,1.2196350133444578
2201.66,0.505,1.907,0.017,1.3697399763249212
2201.67,0.563,1.885,0.019,1.178933564993528
2201.67,0.591,1.536,0.015,1.216677537481633
2201.68,0.57,1.592,0.017,1.2907812596990251
2201.69,0.566,1.746,0.016,1.2084200615893816
2201.71,0.54,1.578,0.016,1.476427877058339
2201.71,0.532,1.513,0.017,1.0981120478829127
2201.72,0.564,1.727,0.017,1.4772347174995768
2201.72,0.544,1.593,0.019,1.0438754012917202
2201.73,0.566,1.786,0.017,1.437417086563315
2201.74,0.59,1.824,0.017,1.102995938274242
2201.75,0.588,1.787,0.018,1.0535718578085806
2201.75,0.569,1.704,0.016,1.2819115249035855
2201.75,0.559,1.658,0.017,1.3558196434034477
2201.77,0.507,1.619,0.015,1.348084216848397
2201.77,0.553,1.783,0.017,1.4798795274003753
2201.78,0.508,1.957,0.019,1.0238067958884363
2201.78,0.517,1.83,0.017,1.1335583036523373
2201.79,0.593,1.866,0.015,1.1141195728233835
2201.8,0.525,1.921,0.016,1.1115717858556047
2201.8,0.572,1.718,0.017,1.4272160320360103
2201.82,0.592,1.796,0.016,1.3814853240581997
2201.82,0.52,1.999,0.015,1.0980314822781143
2201.82,0.561,1.707,0.017,1.0400937507948467
2201.82,0.563,1.811,0.016,1.1064768186213927
2201.82,0.589,1.807,0.017,1.0681892391660146
2201.82,0.552,1.936,0.017,1.4890391696364624
2201.84,0.513,1.952,0.019,1.491284187843429
2201.85,0.597,1.691,0.016,1.4759439583582676
2201.85,0.543,1.561,0.019,1.0740265553471016
2201.85,0.537,1.929,0.015,1.0436664915192033
2201.85,0.545,1.503,0.017,1.0830535131527346
2201.87,0.506,1.507,0.019,1.250017863844241
2201.87,0.594,1.513,0.017,1.0721728767857177
2201.88,0.556,1.917,0.018,1.0223808920232058
2201.88,0.58,1.528,0.017,1.4693457068485984
2201.88,0.511,1.737,0.015,1.1714724509477745
2201.89,0.519,1.672,0.019,1.449391627354596
2201.89,0.568,1.859,0.019,1.3123455568129003
2201.9,0.541,1.614,0.015,1.027311126077577
2201.9,0.595,1.981,0.019,1.3611999195757605
2201.9,0.528,1.554,0.017,1.3425910698633234
2201.9,0.515,1.834,0.016,1.0347149724081766
2201.91,0.592,1.559,0.018,1.0146540655662986
2201.91,0.513,1.81,0.019,1.2199250407824807
2201.91,0.595,1.692,0.017,1.0373121576484212
2201.91,0.546,1.666,0.017,1.4377131213286987
2201.92,0.539,1.575,0.015,1.0565904773706711
2201.92,0.507,1.59,0.019,1.4221227286413192
2201.92,0.552,1.616,0.017,1.2973815496488872
2201.92,0.565,1.782,0.016,1.122450059197942
2201.93,0.515,1.703,0.016,1.0633885281845266
2201.93,0.51,1.951,0.015,1.3284282352370531
2201.93,0.526,1.594,0.019,1.3770134413870943
2201.93,0.573,1.591,0.016,1.1770842171731979
2201.94,0.551,1.944,0.019,1.3835801217199153
2201.94,0.546,1.566,0.015,1.0312010293711114
2201.94,0.55,1.708,0.017,1.0697855872569122
2201.94,0.517,1.844,0.016,1.3899607309999693
2201.94,0.562,1.684,0.016,1.0043249564647025
2201.95,0.556,1.713,0.019,1.2590123121151897
2201.96,0.572,1.945,0.019,1.0070084711337588
2201.97,0.538,1.775,0.019,1.0079383020396118
2201.97,0.524,1.892,0.015,1.1046838817817577
2201.97,0.518,1.757,0.019,1.3833196053518777
2201.98,0.568,1.823,0.016,1.0560638324300948
2201.98,0.565,1.708,0.015,1.3010366987320037
2201.98,0.551,1.74,0.019,1.2139015098164418
2201.99,0.562,1.761,0.017,1.1554476858686025
2201.99,0.515,1.511,0.018,1.4221900833342804
2202.0,0.585,1.761,0.018,1.1949506213807948
2202.0,0.558,1.776,0.015,1.1190775280150111
2202.0,0.58,1.6,0.017,1.2248613108016546
2202.01,0.536,1.991,0.015,1.3791505333391514
2202.01,0.562,1.791,0.019,1.4527787199902469
2202.02,0.583,1.943,0.015,1.3383020932449492
2202.02,0.571,1.952,0.017,1.043949302876901
2202.03,0.569,1.594,0.017,1.309604032362129
2202.03,0.516,1.591,0.017,1.0595558205737998
2202.04,0.561,1.522,0.016,1.3346137352494432
2202.04,0.538,1.773,0.018,1.3758725721832872
2202.06,0.548,1.932,0.018,1.0090844589624488
2202.06,0.504,1.727,0.016,1.2601048892904498
2202.06,0.506,1.904,0.018,1.2932281130952108
2202.06,0.597,1.847,0.016,1.3583181140855982
2202.06,0.548,1.924,0.018,1.159555814098053
2202.06,0.556,1.529,0.017,1.1511141694302507
2202.07,0.525,1.597,0.016,1.2121216610193297
2202.07,0.557,1.688,0.015,1.3510259793684884
2202.08,0.5,1.86,0.016,1.1637393554379267
2202.08,0.586,1.668,0.019,1.0471549849236217
2202.08,0.563,1.615,0.016,1.0770090895826128
2202.09,0.587,1.766,0.018,1.3654649644675407
2202.09,0.563,1.721,0.019,1.1993548650231407
2202.09,0.541,1.796,0.017,1.3007825650373688
2202.1,0.529,1.834,0.015,1.0736577456242584
2202.1,0.596,1.759,0.016,1.2106850753850793
2202.11,0.57,1.539,0.016,1.322643313300727
2202.11,0.57,1.94,0.016,1.111583352428338
2202.11,0.528,1.796,0.016,1.4635567211839264
2202.11,0.554,1.63,0.018,1.19614040075713
2202.12,0.57,1.552,0.018,1.4022054697168578
2202.12,0.584,1.745,0.019,1.2700152556315008
2202.13,0.541,1.657,0.017,1.2769696813094764
2202.14,0.546,1.556,0.016,1.2385001399095381
2202.16,0.527,1.643,0.018,1.094729228017017
2202.16,0.505,1.802,0.017,1.06988585444141
2202.17,0.558,1.693,0.017,1.1309267586075291
2202.17,0.516,1.619,0.019,1.271874325120267
2202.17,0.557,1.822,0.019,1.3225235165437526
2202.17,0.532,1.66,0.016,1.1336192064511617
2202.19,0.544,1.579,0.018,1.3077659271642526
2202.19,0.547,1.521,0.019,1.305668657408701
2202.2,0.529,1.924,0.019,1.4438293830098352
2202.22,0.521,1.984,0.015,1.2640888358257623
2202.23,0.587,1.703,0.018,1.4734303353699234
2202.23,0.52,1.871,0.015,1.20882839762794
2202.24,0.595,1.803,0.015,1.1861034732882558
2202.24,0.526,1.543,0.019,1.1908809776213247
2202.24,0.56,1.784,0.016,1.0036603818557732
2202.24,0.554,1.774,0.019,1.0752265805829233
2202.25,0.533,1.831,0.018,1.4650904905550513
2202.25,0.508,1.604,0.018,1.0050220943807704
2202.26,0.549,1.791,0.016,1.3877042774441544
2202.29,0.527,1.518,0.017,1.4883160918888014
2202.3,0.532,1.871,0.018,1.1194539883739583
2202.3,0.587,1.812,0.017,1.4270652510431365
2202.31,0.532,1.969,0.018,1.1960568386236332
2202.32,0.505,1.856,0.016,1.115954864622377
2202.32,0.554,1.864,0.016,1.0781567802113443
2202.33,0.518,1.802,0.015,1.0087419904622494
2202.33,0.557,1.578,0.016,1.3240695070815922
2202.33,0.546,1.633,0.016,1.0566326714354461
2202.33,0.566,1.587,0.015,1.0031338289333613
2202.34,0.532,1.71,0.019,1.3760823968999236
2202.34,0.544,1.821,0.018,1.4823820014837306
2202.34,0.586,1.601,0.015,1.1653510999383645
2202.35,0.506,1.975,0.018,1.2843215966807255
2202.36,0.513,1.701,0.019,1.3807639676235948
2202.36,0.594,1.905,0.015,1.3126557437962392
2202.37,0.57,1.759,0.015,1.379841170956367
2202.38,0.524,1.779,0.016,1.4634426702507248
2202.39,0.524,1.678,0.019,1.264811855023423
2202.4,0.557,1.756,0.019,1.0919485098069226
2202.41,0.542,1.504,0.017,1.3770011069479091
2202.41,0.555,1.799,0.017,1.206550468022105
2202.42,0.559,1.808,0.018,1.1985839247975292
2202.43,0.576,1.515,0.016,1.1185693890986756
2202.43,0.524,1.867,0.015,1.291653402654888
2202.43,0.506,1.935,0.018,1.108859893397029
2202.43,0.543,1.811,0.017,1.3806589019196933
2202.43,0.512,1.553,0.017,1.277549249878661
2202.43,0.503,1.814,0.019,1.4461458079869327
2202.44,0.532,1.92,0.016,1.193509753802307
2202.45,0.548,1.98,0.018,1.0595941385143377
2202.45,0.597,1.548,0.019,1.4177024936207578
2202.46,0.511,1.792,0.019,1.3856331903518626
2202.46,0.507,1.537,0.019,1.3885145633084655
2202.47,0.515,1.785,0.019,1.0444966875535964
2202.47,0.546,1.522,0.016,1.2875534488285214
2202.48,0.54,1.745,0.019,1.3494647378085554
2202.49,0.525,1.914,0.018,1.0513517243465784
2202.49,0.586,1.672,0.019,1.1477477670184322
2202.49,0.558,1.716,0.015,1.4433947950877843
2202.49,0.523,1.647,0.015,1.069063398429623
2202.5,0.545,1.521,0.017,1.3449284298246615
2202.51,0.538,1.904,0.018,1.1968127577137644
2202.52,0.515,1.98,0.019,1.3802553809136369
2202.54,0.56,1.696,0.019,1.156420991644931
2202.54,0.502,1.81,0.016,1.3702729786244765
2202.55,0.535,1.75,0.018,1.0917849982394718
2202.55,0.542,1.674,0.017,1.1054026544602427
2202.55,0.524,1.62,0.015,1.0791934195099637
2202.55,0.529,1.545,0.018,1.2719480794386993
2202.55,0.526,1.543,0.019,1.347885909978166
2202.56,0.585,1.615,0.019,1.1715026032529687
2202.57,0.522,1.655,0.016,1.4447260265017607
2202.58,0.542,1.587,0.016,1.4304798493403903
2202.58,0.512,1.674,0.017,1.3693578418303411
2202.58,0.525,1.911,0.016,1.4891820690720885
2202.58,0.511,1.781,0.017,1.096862774028144
2202.59,0.523,1.886,0.018,1.367432914593373
2202.6,0.573,1.996,0.016,1.4108245484412139
2202.6,0.575,1.976,0.016,1.4218542356705188
2202.6,0.513,1.634,0.019,1.2821147324085511
2202.62,0.571,1.868,0.019,1.0078788669857155
2202.62,0.59,1.939,0.016,1.0888215161537096
2202.62,0.557,1.632,0.018,1.1786768922625714
2202.62,0.519,1.667,0.016,1.4041123457637654
2202.62,0.573,1.608,0.017,1.22306400084504
2202.64,0.525,1.911,0.015,1.1274244426884636
2202.64,0.593,1.612,0.017,1.0156814783258012
2202.66,0.574,1.625,0.017,1.3962879538625372
2202.66,0.541,1.966,0.019,1.073634014905179
2202.66,0.522,1.642,0.019,1.4718809191790854
2202.66,0.582,1.815,0.015,1.0003949895374238
2202.67,0.575,1.781,0.017,1.373823572116319
2202.67,0.539,1.687,0.018,1.0045233123267439
2202.67,0.531,1.526,0.017,1.0134870039067658
2202.67,0.57,1.928,0.015,1.4634473783582658
2202.71,0.52,1.799,0.017,1.3025298748227025
2202.71,0.526,1.532,0.019,1.2726914538331533
2202.72,0.551,1.679,0.017,1.321146285323744
2202.72,0.595,1.897,0.019,1.0924032623309254
2202.73,0.535,1.898,0.016,1.127038753038147
2202.73,0.53,1.965,0.018,1.309501067372092
2202.73,0.544,1.617,0.015,1.323943186060109
2202.75,0.547,1.981,0.016,1.248338187551002
2202.75,0.54,1.883,0.019,1.182846983223647
2202.75,0.57,1.573,0.015,1.35507148839601
2202.75,0.589,1.535,0.016,1.0078768065576635
2202.76,0.541,1.925,0.017,1.2225930633837432
2202.77,0.589,1.571,0.015,1.071372753170358
2202.78,0.544,1.657,0.019,1.3601425763576545
2202.78,0.565,1.881,0.018,1.1704056040502722
2202.78,0.571,1.584,0.019,1.1146992550565304
2202.79,0.588,1.713,0.018,1.3885978795235634
2202.79,0.571,1.519,0.019,1.1389254381170444
2202.79,0.53,1.882,0.016,1.1097048265819347
2202.79,0.578,1.789,0.019,1.2432676617701215
2202.8,0.591,1.994,0.015,1.0407449567657496
2202.8,0.542,1.636,0.015,1.182229021414839
2202.81,0.543,1.581,0.017,1.3006346202115024
2202.82,0.589,1.975,0.018,1.2900582036208832
2202.82,0.505,1.867,0.016,1.4535939749079967
2202.82,0.501,1.966,0.016,1.2754101912492253
2202.83,0.551,1.718,0.016,1.3319519154270685
2202.83,0.532,1.948,0.018,1.2740200722669635
2202.83,0.515,1.688,0.018,1.2055547822150503
2202.84,0.577,1.845,0.015,1.1436860706142145
2202.84,0.51,1.761,0.018,1.4826219344710847
2202.84,0.596,1.661,0.019,1.3095689084997921
2202.84,0.526,1.79,0.016,1.0145679900359381
2202.85,0.548,1.979,0.018,1.0853090512586774
2202.85,0.518,1.882,0.015,1.3037145513181567
2202.86,0.551,1.695,0.018,1.145167899959011
2202.86,0.566,1.545,0.018,1.0351412465178067
2202.86,0.548,1.953,0.019,1.1134613272799163
2202.87,0.534,1.807,0.015,1.372588594340449
2202.87,0.595,1.53,0.019,1.4945832604873983
2202.88,0.58,1.512,0.017,1.0461180331982356
2202.88,0.588,1.94,0.017,1.4145207650450335
2202.88,0.58,1.869,0.017,1.0566490230315166
2202.89,0.555,1.86,0.016,1.3459553536890194
2202.9,0.572,1.88,0.015,1.3630516329821287
2202.9,0.526,1.964,0.018,1.0454574938294636
2202.91,0.574,1.952,0.017,1.0019104181843639
2202.91,0.592,1.985,0.015,1.402279547093908
2202.92,0.587,1.589,0.018,1.268415592103727
2202.92,0.567,1.811,0.015,1.0624280544557636
2202.92,0.502,1.765,0.018,1.0547718111388678
2202.92,0.509,1.61,0.019,1.031410981013972
2202.92,0.521,1.599,0.018,1.3424410825245106
2202.93,0.558,1.979,0.016,1.4675858153277928
2202.94,0.549,1.721,0.017,1.2041229519596872
2202.95,0.542,1.874,0.017,1.1486125720931546
2202.96,0.574,1.658,0.016,1.1899904452257937
2202.96,0.578,1.974,0.017,1.454092254052938
2202.97,0.556,1.6,0.015,1.2673297085367419
2202.98,0.506,1.572,0.015,1.4584540303515128
2202.98,0.594,1.631,0.019,1.2280597229179002
2202.98,0.553,1.906,0.017,1.18618564832138
2203.0,0.539,1.569,0.017,1.1557181261069964
2203.01,0.531,1.731,0.015,1.3463767536991469
2203.01,0.583,1.667,0.016,1.0989418280759191
2203.02,0.512,1.718,0.018,1.04177248295643
2203.02,0.556,1.614,0.016,1.3089536527008119
2203.02,0.57,1.895,0.015,1.0469953916468318
2203.02,0.519,1.697,0.018,1.0599772075039264
2203.02,0.599,1.879,0.017,1.3800418333406503
2203.03,0.562,1.846,0.018,1.3814375902885332
2203.03,0.58,1.695,0.019,1.1868491608906055
2203.03,0.593,1.526,0.017,1.055847028392522
2203.04,0.578,1.718,0.018,1.25296809773586
2203.05,0.557,1.562,0.019,1.074132496451064
2203.05,0.507,1.683,0.019,1.4738737680786669
2203.05,0.512,1.633,0.016,1.174637975453027
2203.07,0.56,1.811,0.015,1.3869088491026549
2203.07,0.568,1.676,0.018,1.196503866909569
2203.07,0.584,1.626,0.017,1.4378743554755133
2203.08,0.513,1.769,0.015,1.2559631297578684
2203.08,0.517,1.52,0.017,1.0928434995096776
2203.08,0.519,1.533,0.017,1.4823130554752368
2203.08,0.522,1.685,0.017,1.0761199302418478
2203.08,0.53,1.988,0.016,1.4088204920006153
2203.08,0.502,1.577,0.017,1.0514626561161964
2203.09,0.583,1.892,0.019,1.3569771231533925
2203.09,0.559,1.932,0.019,1.4660580049737857
2203.11,0.596,1.813,0.019,1.0446503973133914
2203.11,0.578,1.677,0.015,1.2799676049042081
2203.12,0.505,1.839,0.016,1.4174759222070321
2203.12,0.5,1.869,0.017,1.3504407315669642
2203.13,0.583,1.681,0.018,1.4448801113398877
2203.14,0.524,1.801,0.019,1.4387526036329168
2203.14,0.54,1.506,0.016,1.2790150537601315
2203.15,0.555,1.512,0.017,1.366524469580987
2203.15,0.509,1.576,0.017,1.279200210069014
2203.16,0.588,1.955,0.018,1.4404582383327575
2203.16,0.516,1.59,0.016,1.057298482001771
2203.16,0.52,1.97,0.016,1.217181367360823
2203.16,0.576,1.776,0.018,1.1878767998229889
2203.17,0.548,1.632,0.019,1.1111193426354946
2203.18,0.504,1.775,0.015,1.0739579819925698
2203.18,0.543,1.814,0.019,1.0349859405104438
2203.18,0.514,1.998,0.015,1.4019577166802208
2203.19,0.573,1.588,0.017,1.47780801663187
2203.2,0.562,1.6,0.015,1.161811303813305
2203.21,0.595,1.844,0.019,1.0163805179232615
2203.21,0.576,1.921,0.018,1.0549253219535428
2203.24,0.537,1.849,0.019,1.2697559963522052
2203.25,0.57,1.614,0.019,1.0196697504060204
2203.25,0.509,1.666,0.018,1.2246998149796082
2203.26,0.503,1.922,0.018,1.0618539763227375
2203.26,0.514,1.635,0.019,1.0055664328224434
2203.26,0.542,1.617,0.018,1.4722302251790986
2203.27,0.583,1.565,0.016,1.4448337047680075
2203.28,0.531,1.557,0.016,1.3108072377683744
2203.28,0.561,1.608,0.018,1.250719742862192
2203.28,0.585,1.983,0.019,1.2005721204175872
2203.29,0.578,1.658,0.016,1.2487783958340062
2203.29,0.582,1.805,0.015,1.0547602278279142
2203.31,0.513,1.775,0.016,1.338388267069965
2203.31,0.57,1.761,0.018,1.2920446918941053
2203.31,0.595,1.538,0.016,1.0266675148642195
2203.31,0.563,1.845,0.019,1.070149555645446
2203.31,0.524,1.512,0.019,1.3851866065630813
2203.34,0.534,1.747,0.019,1.160499780096331
2203.34,0.515,1.743,0.017,1.3867640621149724
2203.35,0.583,1.652,0.016,1.0643264880370615
2203.35,0.58,1.745,0.016,1.4813786441127428
2203.35,0.557,1.63,0.019,1.1959961123641472
2203.38,0.575,1.983,0.018,1.460419940202059
2203.38,0.539,1.902,0.015,1.402963324672162
2203.38,0.563,1.746,0.018,1.351198580091411
2203.39,0.566,1.644,0.018,1.3132338779485908
2203.4,0.598,1.648,0.019,1.169766948097911
2203.4,0.525,1.908,0.015,1.2403651779998306
2203.4,0.563,1.614,0.016,1.3160163994048912
2203.41,0.545,1.752,0.019,1.2106018192774712
2203.41,0.529,1.557,0.018,1.4851799189120984
2203.42,0.513,1.872,0.017,1.2428980438942774
2203.43,0.528,1.731,0.016,1.4388654318858998
2203.44,0.515,1.679,0.016,1.0412106280529474
2203.45,0.594,1.793,0.016,1.0607698428978294
2203.46,0.526,1.822,0.019,1.0210460523386948
2203.46,0.581,1.609,0.016,1.356393943666018
2203.47,0.569,1.852,0.015,1.1422005346160902
2203.47,0.515,1.728,0.019,1.1291439970542145
2203.47,0.512,1.728,0.015,1.0838863912140169
2203.47,0.502,1.697,0.016,1.2519823800636676
2203.47,0.558,1.983,0.015,1.0874080821675627
2203.48,0.532,1.914,0.018,1.384344403849677
2203.48,0.548,1.818,0.019,1.3594153128956732
2203.48,0.521,1.635,0.019,1.3828472892635448
2203.49,0.577,1.999,0.018,1.2399093368848706
2203.49,0.52,1.811,0.017,1.249445398799622
2203.49,0.518,1.965,0.019,1.088784333589706
2203.49,0.53,1.621,0.016,1.133043237053904
2203.5,0.523,1.902,0.016,1.3006814749884181
2203.5,0.557,1.784,0.016,1.023112915319886
2203.51,0.558,1.96,0.016,1.182043958949195
2203.51,0.539,1.697,0.017,1.164509860081893
2203.51,0.55,1.878,0.018,1.4459578152469283
2203.53,0.501,1.846,0.019,1.1405717854186606
2203.53,0.538,1.592,0.018,1.4250380467932164
2203.53,0.502,1.674,0.018,1.3240624155523109
2203.54,0.52,1.537,0.016,1.3798516259661215
2203.55,0.52,1.729,0.018,1.042404615870317
2203.55,0.531,1.81,0.019,1.1746498958304334
2203.56,0.512,1.934,0.018,1.4701186327510893
2203.56,0.537,1.599,0.019,1.004622330142909
2203.57,0.551,1.643,0.017,1.0284643418786916
2203.57,0.549,1.547,0.019,1.210561105536132
2203.58,0.549,1.679,0.016,1.1635394844343963
2203.58,0.545,1.98,0.018,1.3357306033142096
2203.58,0.551,1.553,0.017,1.3782658763956102
2203.59,0.516,1.861,0.018,1.2326778452494378
2203.59,0.589,1.734,0.018,1.1465230646589089
2203.6,0.549,1.684,0.019,1.2747574070835892
2203.6,0.5,1.988,0.019,1.045409602882204
2203.6,0.506,1.696,0.015,1.1634806501328128
2203.61,0.575,1.798,0.019,1.155485022647416
2203.61,0.54,1.58,0.019,1.3522230060513216
2203.61,0.501,1.756,0.015,1.17771304153968
2203.61,0.587,1.746,0.015,1.1775567549483816
2203.61,0.515,1.915,0.018,1.281680306085785
2203.62,0.551,1.823,0.017,1.352657945008416
2203.62,0.546,1.905,0.017,1.2736381689258425
2203.63,0.504,1.573,0.015,1.1465462145965553
2203.63,0.557,1.735,0.016,1.151711661380785
2203.63,0.514,1.613,0.017,1.157390627856823
2203.64,0.587,1.727,0.015,1.2608023448312378
2203.65,0.515,1.84,0.018,1.0063323367052281
2203.65,0.582,1.862,0.015,1.095096116862662
2203.66,0.558,1.785,0.018,1.3505526013100462
2203.68,0.58,1.555,0.015,1.0646821696539959
2203.68,0.544,1.883,0.017,1.2988413293643655
2203.68,0.548,1.642,0.016,1.2613548156277146
2203.69,0.508,1.96,0.017,1.2922074962102044
2203.69,0.519,1.845,0.019,1.0297502749354077
2203.69,0.515,1.702,0.016,1.3681883836127657
2203.69,0.555,1.712,0.017,1.4689944750215347
2203.69,0.534,1.645,0.017,1.1371175774939062
2203.69,0.502,1.871,0.019,1.2649354311481016
2203.7,0.521,1.837,0.018,1.096700284748696
2203.7,0.536,1.518,0.015,1.0401657885446702
2203.7,0.587,1.575,0.017,1.305014775179579
2203.71,0.565,1.555,0.019,1.1398039323137001
2203.71,0.535,1.623,0.018,1.2667833253333933
2203.72,0.587,1.908,0.019,1.150216938046295
2203.72,0.524,1.928,0.015,1.219550309642801
2203.74,0.514,1.619,0.018,1.28543332094201
2203.74,0.589,1.699,0.017,1.195293320796692
2203.75,0.594,1.626,0.019,1.221138133787296
2203.76,0.536,1.564,0.017,1.3986419778953267
2203.76,0.577,1.513,0.019,1.1483034451395286
2203.76,0.596,1.571,0.019,1.277362199696598
2203.76,0.562,1.523,0.016,1.4575271646027832
2203.77,0.569,1.521,0.019,1.4292785302637145
2203.78,0.505,1.818,0.016,1.3906225856822871
2203.78,0.526,1.606,0.019,1.277575775075309
2203.78,0.538,1.58,0.019,1.124121129235132
2203.79,0.556,1.744,0.018,1.165848039665128
2203.79,0.575,1.71,0.017,1.4409785994121764
2203.8,0.524,1.842,0.019,1.0900749338393245
2203.8,0.525,1.72,0.016,1.3499069837207824
2203.8,0.543,1.91,0.016,1.2013943602141612
2203.8,0.586,1.564,0.016,1.449635750438019
2203.8,0.533,1.544,0.015,1.4651133065441828
2203.81,0.548,1.769,0.019,1.3054527474239082
2203.83,0.571,1.863,0.019,1.3505159068168238
2203.83,0.567,1.795,0.018,1.2266676114502022
2203.83,0.513,1.649,0.017,1.2196084130614946
2203.83,0.597,1.513,0.019,1.0741535939905105
2203.84,0.539,1.576,0.018,1.4452854894240659
2203.84,0.521,1.759,0.018,1.0241879454163743
2203.84,0.568,1.838,0.016,1.0369137838866154
2203.84,0.559,1.507,0.018,1.414344578034945
2203.85,0.56,1.935,0.017,1.2702589844426937
2203.85,0.571,1.603,0.018,1.3846440470225814
2203.85,0.576,1.57,0.017,1.0756187739652188
2203.86,0.571,1.638,0.016,1.2039210892048555
2203.87,0.517,1.633,0.018,1.0920279214454935
2203.87,0.571,1.966,0.019,1.274514767905824
2203.89,0.515,1.576,0.016,1.385142978454111
2203.89,0.539,1.748,0.015,1.452004559992441
2203.89,0.571,1.995,0.017,1.4757718442483228
2203.89,0.599,1.819,0.018,1.3560691306484627
2203.9,0.566,1.834,0.018,1.2731405928384079
2203.91,0.567,1.886,0.015,1.1314424291084286
2203.91,0.549,1.753,0.018,1.275415366889921
2203.91,0.534,1.531,0.017,1.1686371394870108
2203.92,0.535,1.94,0.017,1.307413187345803
2203.92,0.556,1.92,0.017,1.022664530209308
2203.92,0.562,1.952,0.017,1.4886066012839738
2203.93,0.538,1.688,0.017,1.2830201010706757
2203.93,0.501,1.831,0.016,1.1360503496281855
2203.93,0.535,1.617,0.018,1.3397192746603124
2203.94,0.503,1.95,0.015,1.106972702510996
2203.94,0.587,1.767,0.016,1.4992923064935548
2203.94,0.55,1.694,0.015,1.0511996998366269
2203.94,0.595,1.962,0.015,1.2971715012069316
2203.95,0.582,1.9,0.015,1.2089223714106467
2203.95,0.516,1.916,0.018,1.34819535891334
2203.96,0.575,1.998,0.018,1.236152874684103
2203.96,0.501,1.7,0.018,1.070810516127712
2203.97,0.554,1.823,0.019,1.2616478954195633
2203.97,0.579,1.526,0.017,1.3708465809317087
2203.98,0.539,1.712,0.019,1.2460452775434794
2203.98,0.545,1.762,0.017,1.0721440108093374
2203.99,0.516,1.641,0.018,1.0308015708840736
2204.0,0.574,1.801,0.018,1.2311908214847023
2204.0,0.581,1.526,0.019,1.2962014448576913
2204.01,0.581,1.909,0.016,1.010059278151861
2204.01,0.554,1.992,0.017,1.05722469497779
2204.01,0.553,1.652,0.017,1.3566803632280706
2204.01,0.586,1.589,0.019,1.3310272609432152
2204.02,0.506,1.854,0.019,1.0669710827949288
2204.02,0.582,1.764,0.015,1.278316407889023
2204.02,0.537,1.549,0.017,1.3452505525109146
2204.02,0.546,1.623,0.017,1.3440980896436976
2204.03,0.568,1.817,0.016,1.3708888092540592
2204.03,0.591,1.851,0.016,1.4901937301047097
2204.04,0.51,1.896,0.016,1.373597087587029
2204.04,0.558,1.5,0.019,1.2009313501745855
2204.05,0.518,1.708,0.018,1.0932426599193585
2204.05,0.551,1.857,0.018,1.4758005470594435
2204.06,0.559,1.681,0.016,1.122759531772945
2204.06,0.526,1.611,0.015,1.3661243100250724
2204.07,0.589,1.907,0.016,1.0898436241561789
2204.08,0.553,1.57,0.017,1.4220211777301262
2204.08,0.591,1.817,0.017,1.1586248406071349
2204.09,0.543,1.881,0.019,1.2665495201406203
2204.09,0.523,1.822,0.018,1.1333484593867937
2204.09,0.574,1.906,0.015,1.39347730574474
2204.1,0.54,1.81,0.018,1.0126284053700558
2204.11,0.521,1.653,0.016,1.0801534091579073
2204.12,0.551,1.605,0.017,1.1614318304447546
2204.14,0.505,1.777,0.016,1.4342834054355147
2204.14,0.544,1.678,0.016,1.0695767287718398
2204.15,0.569,1.591,0.015,1.048933940085279
2204.15,0.562,1.714,0.018,1.013474799066906
2204.15,0.526,1.957,0.018,1.4751273078541696
2204.15,0.519,1.664,0.019,1.1142444733272252
2204.16,0.539,1.522,0.017,1.496919910884075
2204.17,0.504,1.789,0.016,1.0520044373548185
2204.17,0.565,1.822,0.015,1.3313487417686332
2204.17,0.503,1.786,0.016,1.2030533517454218
2204.18,0.537,1.552,0.018,1.2559519339624257
2204.18,0.507,1.951,0.018,1.0054097195435263
2204.18,0.563,1.796,0.015,1.2281892283607991
2204.19,0.533,1.815,0.019,1.0517709128700186
2204.19,0.596,1.911,0.019,1.1047692077184723
2204.23,0.589,1.611,0.016,1.1937454906726859
2204.23,0.507,1.683,0.016,1.2460230577492686
2204.24,0.519,1.994,0.015,1.4758185204723087
2204.24,0.568,1.687,0.016,1.131728120732849
2204.24,0.579,1.672,0.018,1.1717594703875152
2204.26,0.525,1.717,0.016,1.3820151267945535
2204.27,0.501,1.828,0.017,1.1205212121912256
2204.27,0.557,1.913,0.015,1.2586117729306858
2204.27,0.56,1.717,0.018,1.1790453588574126
2204.28,0.538,1.583,0.017,1.4555607368030055
2204.28,0.568,1.599,0.015,1.0782459783712872
2204.28,0.54,1.694,0.018,1.234995035979375
2204.29,0.589,1.877,0.016,1.3794225920951235
2204.29,0.566,1.971,0.018,1.3942262507071606
2204.3,0.585,1.62,0.016,1.2603789594119745
2204.31,0.551,1.978,0.016,1.1778024216256668
2204.31,0.548,1.813,0.019,1.0501349727719853
2204.32,0.503,1.545,0.018,1.031368229326839
2204.33,0.566,1.681,0.016,1.464245630846108
2204.33,0.57,1.968,0.015,1.1711611700065527
2204.33,0.598,1.948,0.015,1.4418912055609625
2204.34,0.53,1.669,0.016,1.0630894017141288
2204.35,0.527,1.975,0.017,1.2315721829822566
2204.36,0.537,1.791,0.016,1.01161387715616
2204.36,0.586,1.794,0.018,1.045343650231989
2204.37,0.512,1.908,0.017,1.1855262430355615
2204.37,0.566,1.749,0.015,1.4188494970620913
2204.37,0.54,1.835,0.017,1.4807226036017036
2204.37,0.53,1.935,0.017,1.4844347538879004
2204.37,0.592,1.789,0.018,1.3970831257899379
2204.38,0.585,1.84,0.016,1.1681774411081982
2204.4,0.543,1.886,0.015,1.2686655854143454
2204.4,0.509,1.965,0.015,1.4364177160548475
2204.41,0.577,1.912,0.015,1.3459220916511243
2204.41,0.54,1.979,0.016,1.0689027387619845
2204.42,0.532,1.701,0.018,1.4529083947185424
2204.42,0.56,1.736,0.017,1.2233565927399523
2204.42,0.508,1.602,0.016,1.3845755317693873
2204.42,0.553,1.68,0.016,1.3176828693078446
2204.43,0.599,1.764,0.016,1.2786877570070274
2204.43,0.508,1.558,0.019,1.1144716645358266
2204.43,0.516,1.716,0.016,1.2421040847765688
2204.43,0.56,1.997,0.016,1.4681996473317358
2204.45,0.565,1.653,0.015,1.01439274631545
2204.45,0.555,1.979,0.019,1.2339482630510812
2204.47,0.592,1.566,0.015,1.1951708570054624
2204.47,0.588,1.7,0.017,1.3861046791085683
2204.48,0.585,1.988,0.016,1.4512821348653713
2204.49,0.576,1.892,0.019,1.322583571168171
2204.49,0.591,1.716,0.017,1.009778388768017
2204.5,0.594,1.882,0.015,1.1749878633683206
2204.51,0.515,1.667,0.019,1.0153161429776385
2204.51,0.585,1.535,0.015,1.439297506428582
2204.51,0.513,1.896,0.015,1.3568837321783134
2204.52,0.586,1.617,0.018,1.2819179488035823
2204.53,0.521,1.995,0.019,1.4426314482377507
2204.55,0.518,1.905,0.016,1.4762830066198922
2204.56,0.526,1.558,0.015,1.0576050856707446
2204.57,0.57,1.957,0.015,1.3469376415915648
2204.57,0.574,1.881,0.017,1.0936679459067575
2204.57,0.512,1.653,0.017,1.070710820965232
2204.57,0.509,1.959,0.019,1.413960899714512
2204.58,0.519,1.666,0.017,1.120364869927504
2204.6,0.5,1.877,0.015,1.0461970867295778
2204.61,0.597,1.783,0.017,1.1362041242072145
2204.61,0.555,1.675,0.016,1.1042022004704175
2204.63,0.572,1.661,0.016,1.0201634282214083
2204.63,0.514,1.665,0.016,1.0632851964935135
2204.63,0.539,1.787,0.016,1.2769051949060777
2204.64,0.532,1.675,0.016,1.4126772663900438
2204.64,0.559,1.595,0.016,1.0975522029244182
2204.64,0.501,1.614,0.017,1.0614904502934306
2204.65,0.548,1.617,0.019,1.2009625585100578
2204.66,0.535,1.967,0.019,1.4365950116182253
2204.66,0.516,1.63,0.019,1.308886771587182
2204.66,0.533,1.643,0.017,1.1251791775318447
2204.67,0.532,1.782,0.019,1.4618087560993702
2204.68,0.566,1.935,0.019,1.4648780284596339
2204.68,0.584,1.555,0.019,1.1418359662955626
2204.68,0.528,1.587,0.018,1.2789049668144
2204.69,0.534,1.603,0.016,1.454861958400959
2204.69,0.583,1.574,0.016,1.2987859457860107
2204.69,0.508,1.566,0.018,1.4317586671446403
2204.7,0.51,1.901,0.017,1.179423904461964
2204.7,0.508,1.639,0.015,1.1299565106225544
2204.7,0.549,1.947,0.017,1.3038490233584437
2204.71,0.527,1.974,0.018,1.4978107188750014
2204.71,0.517,1.892,0.017,1.0710235667543424
2204.72,0.576,1.992,0.015,1.3253022562088166
2204.72,0.552,1.791,0.017,1.2204241217651266
2204.72,0.516,1.699,0.016,1.423666913339725
2204.72,0.589,1.704,0.018,1.2026124235950795
2204.74,0.548,1.507,0.015,1.0172071462782462
2204.75,0.572,1.65,0.017,1.2543417232837077
2204.76,0.555,1.976,0.016,1.3400053745340237
2204.76,0.526,1.843,0.018,1.4159272406339591
2204.77,0.588,1.634,0.015,1.0797841331758713
2204.77,0.594,1.952,0.017,1.3863649802635845
2204.78,0.589,1.795,0.019,1.310419490085084
2204.78,0.578,1.934,0.018,1.3833534556581486
2204.78,0.504,1.759,0.019,1.0164623869947913
2204.78,0.572,1.636,0.019,1.4612586552280316
2204.79,0.507,1.647,0.016,1.4835072528444542
2204.79,0.525,1.954,0.017,1.2861505935727227
2204.8,0.536,1.969,0.015,1.233274955409462
2204.8,0.507,1.958,0.019,1.1951120117326395
2204.82,0.547,1.923,0.019,1.452277790025038
2204.82,0.552,1.789,0.017,1.2215726143116017
2204.82,0.532,1.837,0.015,1.0484203964097842
2204.82,0.551,1.674,0.016,1.1491398648611708
2204.82,0.575,1.933,0.015,1.285679116684187
2204.83,0.567,1.765,0.018,1.473768498092758
2204.85,0.508,1.784,0.015,1.2850030286642007
2204.85,0.591,1.739,0.018,1.4960423999675136
2204.86,0.521,1.574,0.017,1.292063835102671
2204.86,0.503,1.5,0.016,1.1671445931253106
2204.86,0.524,1.837,0.018,1.094758728229991
2204.86,0.501,1.762,0.015,1.2994253974526804
2204.86,0.559,1.598,0.017,1.2246536216468433
2204.87,0.573,1.667,0.017,1.0151124529003814
2204.88,0.581,1.68,0.015,1.0129919668572522
2204.88,0.584,1.857,0.015,1.1782341615826601
2204.89,0.541,1.921,0.016,1.0044635796447696
2204.89,0.501,1.618,0.015,1.3376114977312688
2204.91,0.529,1.745,0.019,1.04588276852934
2204.92,0.591,1.731,0.016,1.2303931263863275
2204.92,0.577,1.848,0.017,1.2783339003596232
2204.93,0.507,1.906,0.016,1.48561128648722
2204.93,0.572,1.886,0.015,1.048098035568974
2204.93,0.554,1.937,0.016,1.4059137515719056
2204.94,0.582,1.596,0.016,1.1624987413867367
2204.94,0.578,1.624,0.016,1.0792114595801285
2204.94,0.541,1.759,0.019,1.158722598337839
2204.95,0.564,1.758,0.018,1.2860179298618688
2204.95,0.569,1.569,0.015,1.3844165622134985
2204.95,0.53,1.968,0.017,1.3899906940449722
2204.96,0.511,1.578,0.017,1.100290794699917
2204.96,0.531,1.811,0.017,1.0229681110984392
2204.97,0.558,1.952,0.015,1.2211484959333472
2204.99,0.593,1.971,0.016,1.400265717938619
2204.99,0.512,1.516,0.017,1.4723192008257493
2204.99,0.567,1.75,0.017,1.21547420952444
2205.0,0.584,1.587,0.019,1.377439897411298
2205.01,0.518,1.948,0.015,1.0168328667329152
2205.02,0.503,1.995,0.017,1.1104070731502822
2205.02,0.589,1.62,0.017,1.170099807114121
2205.02,0.578,1.976,0.019,1.3288890427441031
2205.03,0.585,1.648,0.015,1.0115783037556654
2205.04,0.533,1.728,0.015,1.1615749922795724
2205.04,0.502,1.97,0.015,1.1957028602265747
2205.04,0.544,1.974,0.015,1.1256644244398106
2205.05,0.503,1.585,0.017,1.4226167666503202
2205.05,0.572,1.802,0.019,1.0665208067881038
2205.06,0.561,1.619,0.015,1.0341017991495973
2205.06,0.531,1.859,0.019,1.279226083779669
2205.06,0.53,1.632,0.017,1.420130055127103
2205.06,0.546,1.697,0.016,1.3948405896637641
2205.07,0.568,1.616,0.017,1.02296531560431
2205.07,0.554,1.584,0.016,1.4135371147528348
2205.07,0.598,1.743,0.018,1.3135433156237744
2205.07,0.502,1.976,0.018,1.3605247101191855
2205.08,0.539,1.868,0.015,1.2103087617016715
2205.08,0.525,1.656,0.018,1.2640926276093774
2205.09,0.589,1.857,0.018,1.3734245003873002
2205.09,0.511,1.669,0.016,1.0877396956911312
2205.09,0.568,1.781,0.019,1.3123081564740544
2205.1,0.555,1.512,0.019,1.4270781113296842
2205.11,0.54,1.833,0.018,1.2896934540826543
2205.12,0.501,1.921,0.019,1.4346562027237582
2205.12,0.577,1.772,0.015,1.0113108438148644
2205.14,0.569,1.604,0.016,1.2239795164174883
2205.14,0.564,1.774,0.016,1.01620241459599
2205.15,0.559,1.864,0.015,1.4699904074439065
2205.15,0.525,1.527,0.016,1.4687270332550468
2205.15,0.533,1.591,0.016,1.4703196661577123
2205.17,0.534,1.579,0.018,1.057140236750158
2205.17,0.539,1.512,0.018,1.1582040150365625
2205.2,0.513,1.554,0.019,1.0401669452536064
2205.2,0.589,1.805,0.018,1.0484463004413116
2205.2,0.502,1.694,0.017,1.3303085801151053
2205.2,0.541,1.668,0.015,1.0411013780256502
2205.21,0.518,1.783,0.019,1.3123353079472417
2205.21,0.531,1.631,0.019,1.4691525280212985
2205.22,0.531,1.794,0.018,1.479371670678606
2205.23,0.558,1.948,0.017,1.2307263536247643
2205.23,0.539,1.559,0.016,1.4642982360443646
2205.23,0.507,1.729,0.019,1.2110709418275678
2205.24,0.53,1.686,0.016,1.3009283730907852
2205.25,0.525,1.883,0.017,1.4782615855580075
2205.27,0.529,1.922,0.017,1.4237906263029851
2205.27,0.513,1.594,0.016,1.3022209337577335
2205.27,0.52,1.998,0.017,1.0315189332222467
2205.29,0.54,1.921,0.016,1.367390944414532
2205.29,0.544,1.598,0.017,1.4163749362339106
2205.29,0.524,1.628,0.016,1.1187316821458877
2205.29,0.577,1.777,0.017,1.0467729558001841
2205.29,0.528,1.74,0.018,1.3068395235191037
2205.3,0.519,1.853,0.017,1.3760251731558835
2205.3,0.592,1.712,0.016,1.4156948509627159
2205.3,0.597,1.56,0.015,1.0381772027061884
2205.31,0.536,1.738,0.019,1.3575956963902938
2205.32,0.548,1.985,0.019,1.1431670965052985
2205.34,0.54,1.958,0.015,1.2722793908350645
2205.34,0.526,1.929,0.018,1.4142218326611604
2205.34,0.535,1.728,0.017,1.4129329423227266
2205.35,0.548,1.881,0.016,1.3613047356530132
2205.35,0.524,1.879,0.015,1.0414823312187433
2205.36,0.596,1.777,0.018,1.176849620288508
2205.37,0.553,1.974,0.019,1.4312732206026704
2205.37,0.525,1.955,0.019,1.4524774236354308
2205.38,0.507,1.589,0.018,1.311184027920154
2205.39,0.537,1.834,0.015,1.3627674147306172
2205.39,0.519,1.817,0.019,1.4342529996455216
2205.39,0.524,1.621,0.019,1.2555181197498362
2205.4,0.533,1.552,0.018,1.3983443987130373
2205.4,0.589,1.724,0.019,1.480106747509536
2205.4,0.583,1.524,0.017,1.0847707671893596
2205.4,0.506,1.633,0.017,1.194183279202759
2205.4,0.585,1.718,0.015,1.0525485894727027
2205.41,0.519,1.689,0.018,1.058235163500713
2205.41,0.58,1.731,0.019,1.1916074736098743
2205.42,0.592,1.995,0.016,1.3354605587856323
2205.42,0.501,1.592,0.019,1.2086191646803333
2205.42,0.521,1.81,0.015,1.2031439519910172
2205.43,0.516,1.786,0.017,1.4130172678665471
2205.43,0.59,1.953,0.018,1.1272849061131747
2205.44,0.502,1.569,0.016,1.1593780507746252
2205.44,0.596,1.521,0.019,1.2180228136043356
2205.44,0.546,1.812,0.017,1.4469727728530615
2205.44,0.552,1.57,0.017,1.3071448566152823
2205.45,0.599,1.817,0.016,1.2232043453840684
2205.46,0.597,1.573,0.016,1.1156295881235365
2205.47,0.505,1.845,0.015,1.2386287800706162
2205.47,0.512,1.725,0.018,1.1695154952312512
2205.48,0.561,1.864,0.016,1.2122106388750997
2205.48,0.581,1.903,0.019,1.1068009500827307
2205.49,0.548,1.819,0.015,1.053616618096564
2205.49,0.569,1.76,0.019,1.2392424386847285
2205.5,0.535,1.809,0.019,1.0995491294194646
2205.51,0.586,1.786,0.016,1.1056560512150833
2205.51,0.593,1.542,0.017,1.2222330809669666
2205.51,0.549,1.747,0.018,1.2524619490013802
2205.52,0.592,1.998,0.016,1.2343454298933
2205.53,0.573,1.686,0.017,1.306946240280473
2205.53,0.508,1.683,0.018,1.29013243665498
2205.54,0.545,1.722,0.016,1.3054250646478893
2205.55,0.529,1.772,0.018,1.0262990863503285
2205.55,0.565,1.926,0.019,1.3706336656833762
2205.56,0.503,1.703,0.019,1.167758954426859
2205.56,0.566,1.852,0.018,1.054103740246971
2205.57,0.53,1.684,0.018,1.4064108560722688
2205.57,0.505,1.535,0.018,1.3917312453217308
2205.58,0.539,1.871,0.017,1.3644785442160086
2205.58,0.572,1.576,0.016,1.3484330193730198
2205.58,0.564,1.559,0.016,1.4495515609465435
2205.59,0.517,1.921,0.016,1.4124258869297301
2205.59,0.597,1.928,0.015,1.3959071293221172
2205.59,0.544,1.589,0.016,1.3477417138726646
2205.59,0.597,1.739,0.018,1.298366258894599
2205.6,0.529,1.604,0.019,1.1256608911388986
2205.61,0.557,1.963,0.015,1.2800887779623156
2205.61,0.525,1.7,0.016,1.4913692256275128
2205.62,0.527,1.635,0.019,1.4740164092714165
2205.62,0.54,1.928,0.017,1.213133937300982
2205.62,0.584,1.587,0.016,1.2585512947010828
2205.62,0.57,1.853,0.018,1.2505058450927615
2205.62,0.551,1.704,0.019,1.2568990674341158
2205.63,0.532,1.564,0.017,1.0092853120744074
2205.64,0.595,1.978,0.015,1.0420841558456466
2205.64,0.529,1.72,0.019,1.4547939950597453
2205.64,0.584,1.719,0.018,1.105991201029563
2205.66,0.513,1.683,0.017,1.194114224281924
2205.66,0.583,1.906,0.018,1.0754436127026943
2205.66,0.559,1.642,0.017,1.287835960912066
2205.66,0.593,1.673,0.019,1.3200587266750312
2205.66,0.577,1.845,0.017,1.2370670354540678
2205.66,0.552,1.765,0.016,1.0629106635915084
2205.67,0.593,1.609,0.018,1.3479946316612903
2205.67,0.536,1.56,0.019,1.2936435312543297
2205.67,0.588,1.804,0.016,1.3623551431711163
2205.68,0.554,1.897,0.019,1.2297884278918272
2205.68,0.59,1.633,0.017,1.1510286549287723
2205.68,0.533,1.941,0.015,1.1998339505457054
2205.69,0.549,1.965,0.016,1.0719690273933267
2205.69,0.583,1.534,0.018,1.3664821943123169
2205.7,0.51,1.633,0.019,1.177939715103888
2205.7,0.507,1.579,0.016,1.4302427216426983
2205.71,0.531,1.997,0.016,1.1059115146490215
2205.71,0.512,1.835,0.019,1.423749574725444
2205.71,0.584,1.885,0.015,1.009845083834619
2205.72,0.536,1.829,0.017,1.266668204025461
2205.72,0.57,1.626,0.017,1.0265372134057198
2205.73,0.563,1.566,0.019,1.4619269179395584
2205.73,0.543,1.78,0.016,1.288140859909165
2205.74,0.57,1.603,0.016,1.2684634371519399
2205.75,0.568,1.517,0.015,1.372336889955988
2205.75,0.561,1.758,0.015,1.4396512361285354
2205.75,0.525,1.723,0.018,1.0245241707237107
2205.75,0.555,1.541,0.016,1.3242334953568828
2205.77,0.501,1.846,0.016,1.4617684274967595
2205.8,0.501,1.803,0.019,1.2281963002061327
2205.81,0.514,1.709,0.016,1.4014606263018166
2205.82,0.563,1.715,0.015,1.3561829411139652
2205.82,0.598,1.853,0.015,1.0530270300305835
2205.83,0.514,1.722,0.015,1.4264805795715083
2205.84,0.529,1.634,0.019,1.4230535127043011
2205.84,0.509,1.653,0.016,1.3682923110742102
2205.84,0.52,1.578,0.017,1.2189302667805433
2205.86,0.57,1.561,0.017,1.0652255561723873
2205.86,0.516,1.615,0.019,1.2322424146476996
2205.87,0.593,1.586,0.018,1.01732736251959
2205.87,0.555,1.944,0.018,1.1415117690875063
2205.87,0.52,1.79,0.018,1.2469079853127403
2205.88,0.55,1.686,0.016,1.0182396071195834
2205.89,0.556,1.913,0.019,1.3786297869576227
2205.91,0.578,1.687,0.016,1.1672811258943963
2205.94,0.571,1.964,0.018,1.063286023470175
2205.94,0.579,1.654,0.015,1.1602149712449021
2205.94,0.544,1.651,0.016,1.1766327860080708
2205.96,0.573,1.999,0.019,1.3705691589269968
2205.96,0.523,1.931,0.017,1.2185970918467752
2205.96,0.567,1.91,0.016,1.2400562044670913
2205.97,0.596,1.696,0.018,1.1006651614871827
2205.97,0.543,1.981,0.018,1.26220466219571
2205.97,0.561,1.631,0.019,1.2493882308252133
2205.97,0.562,1.791,0.019,1.0610321543784953
2205.98,0.549,1.884,0.017,1.120096786829187
2205.98,0.503,1.858,0.016,1.0714481349611287
2205.99,0.574,1.573,0.015,1.0997198046766
2205.99,0.516,1.87,0.016,1.1947370328211675
2206.0,0.578,1.791,0.015,1.2778064279658599
2206.0,0.547,1.896,0.018,1.0265392987440438
2206.0,0.578,1.815,0.018,1.2721402182421455
2206.01,0.512,1.848,0.016,1.143126532432233
2206.01,0.583,1.875,0.018,1.4827769888468232
2206.01,0.503,1.812,0.016,1.4831314404092288
2206.01,0.579,1.684,0.018,1.0898568210091686
2206.01,0.567,1.701,0.016,1.292507845650383
2206.01,0.578,1.914,0.018,1.3577805285450526
2206.02,0.563,1.705,0.016,1.0339889896091965
2206.02,0.565,1.77,0.016,1.421772655959527
2206.02,0.508,1.659,0.015,1.3799274405184454
2206.03,0.528,1.527,0.017,1.2843285446279418
2206.04,0.541,1.643,0.018,1.3228830950775683
2206.05,0.509,1.754,0.017,1.100272813739367
2206.05,0.59,1.615,0.016,1.1179087697374135
2206.06,0.531,1.862,0.019,1.0321640343288059
2206.06,0.556,1.836,0.017,1.3304396693077172
2206.06,0.521,1.576,0.019,1.2330033747368725
2206.08,0.566,1.594,0.015,1.029865998662044
2206.09,0.523,1.797,0.018,1.0802282192798882
2206.09,0.582,1.7,0.018,1.3699076825455234
2206.1,0.582,1.875,0.017,1.0661092581142155
2206.1,0.536,1.952,0.018,1.2762623224298637
2206.12,0.528,1.676,0.016,1.09104577449505
2206.13,0.542,1.955,0.017,1.2330917603936666
2206.14,0.547,1.861,0.018,1.3164110495884556
2206.14,0.538,1.668,0.018,1.193488793225685
2206.15,0.517,1.681,0.017,1.43653846364596
2206.16,0.532,1.737,0.019,1.068717741969898
2206.16,0.519,1.913,0.017,1.3459127933310682
2206.16,0.554,1.949,0.018,1.312724723595371
2206.16,0.512,1.934,0.019,1.0079397661905949
2206.17,0.546,1.971,0.018,1.361474210186363
2206.17,0.575,1.921,0.015,1.0790032759913424
2206.18,0.568,1.695,0.019,1.1967183882293904
2206.18,0.566,1.536,0.015,1.3928070011720861
2206.18,0.578,1.58,0.017,1.3371515663063407
2206.19,0.59,1.541,0.018,1.437186043769854
2206.2,0.581,1.84,0.016,1.484143165085651
2206.2,0.526,1.649,0.016,1.2542931319575112
2206.21,0.573,1.681,0.016,1.2713458219992395
2206.21,0.55,1.533,0.018,1.3226427753076067
2206.23,0.592,1.594,0.015,1.0602841488560848
2206.23,0.564,1.874,0.017,1.47582711594315
2206.24,0.55,1.74,0.015,1.4549339319686583
2206.24,0.516,1.97,0.015,1.3667738023319784
2206.24,0.528,1.821,0.018,1.085765065080953
2206.24,0.551,1.787,0.017,1.3153320047199357
2206.24,0.565,1.804,0.019,1.1281907862245515
2206.24,0.521,1.909,0.017,1.1509054614270124
2206.24,0.508,1.523,0.015,1.0403742022801277
2206.24,0.517,1.917,0.017,1.2956057912112353
2206.25,0.596,1.956,0.018,1.0993015587899586
2206.26,0.572,1.915,0.017,1.0526743534529899
2206.27,0.534,1.88,0.015,1.0347364257520923
2206.27,0.528,1.865,0.019,1.1159045130930438
2206.27,0.585,1.878,0.017,1.09344846463147
2206.28,0.525,1.514,0.019,1.3477648368658193
2206.29,0.551,1.664,0.018,1.2048172145009106
2206.3,0.574,1.771,0.018,1.2115682126014777
2206.31,0.567,1.977,0.018,1.4936505700748355
2206.31,0.536,1.999,0.015,1.3169432146898135
2206.32,0.563,1.982,0.016,1.0603011520369716
2206.33,0.577,1.933,0.017,1.2899308449828095
2206.33,0.521,1.772,0.015,1.4893495320456167
2206.33,0.591,1.799,0.015,1.0392032575609547
2206.33,0.595,1.638,0.016,1.3214782883193132
2206.34,0.568,1.878,0.018,1.2363814148262522
2206.34,0.589,1.963,0.019,1.3398258741754914
2206.35,0.504,1.913,0.018,1.1704161596698976
2206.35,0.577,1.986,0.019,1.215884224767938
2206.35,0.506,1.949,0.015,1.1839666803605682
2206.36,0.55,1.827,0.019,1.1802196753222258
2206.36,0.536,1.819,0.017,1.225567712145054
2206.36,0.594,1.573,0.019,1.2825495929774808
2206.36,0.534,1.589,0.016,1.1601856785876368
2206.36,0.594,1.867,0.018,1.4755852512280998
2206.37,0.589,1.55,0.019,1.2458825584431519
2206.37,0.538,1.922,0.017,1.4282131982180006
2206.37,0.569,1.99,0.017,1.2464736137483228
2206.38,0.559,1.736,0.017,1.022522943579542
2206.39,0.566,1.673,0.018,1.1150371229231477
2206.39,0.573,1.503,0.018,1.4667349524933684
2206.41,0.55,1.598,0.018,1.454496454936065
2206.41,0.54,1.593,0.015,1.3087995205841587
2206.41,0.504,1.926,0.017,1.4692741976128736
2206.42,0.546,1.676,0.016,1.2021664354629427
2206.43,0.522,1.573,0.018,1.012477841120822
2206.43,0.577,1.901,0.019,1.1978629529366196
2206.43,0.513,1.658,0.018,1.2310671422302142
2206.44,0.546,1.947,0.017,1.0417547167349654
2206.45,0.599,1.629,0.018,1.2751878858991494
2206.46,0.548,1.522,0.018,1.3117616106024357
2206.47,0.551,1.963,0.018,1.2867794975347906
2206.48,0.576,1.525,0.019,1.3257826844563114
2206.48,0.586,1.726,0.019,1.2874127004886036
2206.49,0.579,1.524,0.015,1.0843314928865617
2206.49,0.571,1.644,0.017,1.4855200060822362
2206.49,0.597,1.599,0.017,1.0844667274594637
2206.5,0.536,1.793,0.017,1.3929236978166863
2206.5,0.566,1.969,0.018,1.4902740640526166
2206.52,0.542,1.961,0.018,1.4791129935698069
2206.53,0.507,1.521,0.017,1.0666346449440647
2206.53,0.549,1.626,0.019,1.3927233491308697
2206.54,0.594,1.627,0.018,1.4246121907668177
2206.54,0.599,1.815,0.015,1.0442770991543728
2206.56,0.54,1.732,0.019,1.0501755836429556
2206.56,0.572,1.678,0.018,1.425822598088896
2206.57,0.532,1.622,0.018,1.117535268588162
2206.57,0.529,1.808,0.017,1.085675111643122
2206.59,0.597,1.921,0.015,1.4551243182331237
2206.59,0.537,1.896,0.016,1.1908982558573928
2206.59,0.513,1.913,0.016,1.1369981480009614
2206.59,0.59,1.62,0.015,1.1462703578710336
2206.59,0.562,1.854,0.015,1.1320343508959811
2206.59,0.542,1.773,0.015,1.183152204508294
2206.6,0.5,1.736,0.019,1.1462058588343276
2206.61,0.594,1.592,0.016,1.075995274381837
2206.61,0.5,1.947,0.015,1.1361677600266114
2206.61,0.574,1.87,0.015,1.1539398239900271
2206.62,0.541,1.828,0.016,1.2253583172113225
2206.62,0.534,1.619,0.017,1.1067799093054762
2206.62,0.572,1.682,0.017,1.2097256377497148
2206.63,0.523,1.852,0.019,1.213156380761147
2206.64,0.599,1.574,0.018,1.0716531650867944
2206.64,0.554,1.87,0.017,1.2422715679697904
2206.64,0.584,1.842,0.019,1.2007982746127548
2206.65,0.536,1.704,0.019,1.3266497732558182
2206.65,0.598,1.598,0.016,1.1407466346933266
2206.66,0.549,1.768,0.017,1.1522031408015503
2206.66,0.593,1.986,0.015,1.3844685701656285
2206.67,0.544,1.577,0.018,1.2773933365142753
2206.67,0.589,1.886,0.019,1.0621535595202176
2206.67,0.507,1.513,0.018,1.3532334879348744
2206.68,0.547,1.851,0.016,1.3329902819795567
2206.68,0.591,1.933,0.015,1.3133102978472848
2206.7,0.589,1.728,0.015,1.4133332283161837
2206.7,0.549,1.671,0.019,1.0787597391327985
2206.7,0.511,1.721,0.016,1.2831281704757282
2206.71,0.551,1.921,0.016,1.460046266356239
2206.72,0.508,1.953,0.016,1.082715205765497
2206.72,0.514,1.991,0.017,1.0078348552326277
2206.72,0.542,1.921,0.017,1.1355460753862672
2206.74,0.518,1.638,0.016,1.0183808237080791
2206.74,0.523,1.575,0.015,1.0589176645120961
2206.75,0.545,1.763,0.015,1.4898928651760965
2206.77,0.572,1.54,0.019,1.3783902960913492
2206.77,0.587,1.858,0.018,1.0585800495309599
2206.78,0.572,1.716,0.015,1.3556534901037847
2206.78,0.554,1.712,0.016,1.236483060554688
2206.78,0.512,1.807,0.017,1.3494525150625707
2206.79,0.577,1.883,0.015,1.2890056965992671
2206.79,0.547,1.668,0.016,1.3915410019739802
2206.81,0.552,1.748,0.016,1.4883443775522425
2206.81,0.567,1.805,0.017,1.0338728107514545
2206.81,0.581,1.648,0.015,1.1114799028426106
2206.81,0.517,1.937,0.017,1.4599783041323358
2206.82,0.553,1.645,0.019,1.0408576821991233
2206.83,0.597,1.522,0.015,1.213925232194745
2206.83,0.562,1.895,0.018,1.0982349773197186
2206.84,0.518,1.822,0.015,1.4692571231962241
2206.85,0.522,1.964,0.019,1.1594017267381669
2206.86,0.518,1.966,0.016,1.0565349981090455
2206.87,0.546,1.863,0.019,1.2231761433659192
2206.89,0.556,1.785,0.017,1.0012881672833787
2206.89,0.525,1.679,0.017,1.36550678239221
2206.89,0.515,1.772,0.019,1.2885916611383894
2206.89,0.523,1.685,0.019,1.2280992418681311
2206.9,0.5,1.605,0.018,1.3892682755062256
2206.91,0.562,1.99,0.015,1.2909954650941973
2206.92,0.529,1.502,0.019,1.2587495038961267
2206.93,0.563,1.519,0.017,1.3757306936669917
2206.93,0.528,1.723,0.019,1.0095942332771561
2206.93,0.518,1.507,0.018,1.4452036404979394
2206.93,0.533,1.679,0.015,1.269439413888163
2206.93,0.55,1.603,0.015,1.2584849101699191
2206.94,0.551,1.677,0.015,1.246567147679697
2206.95,0.574,1.588,0.019,1.2007783701632497
2206.95,0.522,1.82,0.016,1.4949401205187314
2206.96,0.538,1.911,0.018,1.1584725385112113
2206.98,0.511,1.871,0.018,1.0243731558529217
2207.0,0.518,1.995,0.018,1.4771579744072365
2207.01,0.504,1.927,0.017,1.4846342444694813
2207.01,0.599,1.977,0.015,1.271633738589763
2207.01,0.576,1.815,0.015,1.2174675180401007
2207.02,0.573,1.901,0.016,1.3218338345009855
2207.02,0.569,1.515,0.017,1.4026752630557169
2207.03,0.575,1.985,0.019,1.321127105598728
2207.03,0.512,1.613,0.017,1.1068310739999556
2207.04,0.583,1.951,0.016,1.4162564759089504
2207.04,0.57,1.656,0.016,1.087094471878479
2207.04,0.584,1.901,0.017,1.4065662132592667
2207.04,0.531,1.587,0.018,1.3781866085308028
2207.05,0.54,1.502,0.018,1.0446262937300175
2207.05,0.515,1.897,0.019,1.1195091318007184
2207.06,0.584,1.524,0.016,1.3874124037126105
2207.06,0.501,1.933,0.019,1.1525858885147873
2207.06,0.506,1.772,0.016,1.1133486132862656
2207.06,0.53,1.962,0.016,1.4248788861903923
2207.07,0.542,1.531,0.018,1.1007087400355369
2207.08,0.518,1.522,0.018,1.2800891704602004
2207.08,0.524,1.909,0.017,1.0999033898067396
2207.08,0.574,1.71,0.017,1.4110349109166713
2207.1,0.508,1.671,0.015,1.0212305142466407
2207.11,0.565,1.547,0.017,1.061357226195618
2207.12,0.55,1.703,0.019,1.3144424268781203
2207.12,0.596,1.785,0.015,1.1254749877999948
2207.13,0.509,1.693,0.017,1.2986565387829718
2207.13,0.573,1.804,0.018,1.3399398370108364
2207.13,0.504,1.851,0.017,1.2325712062387646
2207.14,0.587,1.572,0.018,1.1572652386514897
2207.14,0.576,1.659,0.017,1.0414515823167907
2207.15,0.593,1.688,0.019,1.0663913694362945
2207.17,0.504,1.526,0.015,1.4384524011968034
2207.17,0.563,1.813,0.016,1.017822445743608
2207.17,0.567,1.632,0.017,1.242378243551246
2207.18,0.501,1.598,0.016,1.225483768095296
2207.19,0.567,1.878,0.017,1.3583058435083446
2207.19,0.599,1.52,0.015,1.188541379828356
2207.2,0.551,1.909,0.018,1.320606983933697
2207.2,0.537,1.981,0.018,1.2769862863963104
2207.22,0.554,1.63,0.017,1.0156008748271286
2207.22,0.562,1.546,0.018,1.3540552547235354
2207.23,0.522,1.605,0.019,1.126664102352684
2207.23,0.544,1.535,0.017,1.0736576343718114
2207.23,0.503,1.75,0.015,1.0779213464756197
2207.24,0.537,1.552,0.016,1.2761981028143152
2207.24,0.512,1.935,0.016,1.2229808349092928
2207.24,0.521,1.956,0.015,1.4461115672972276
2207.25,0.59,1.797,0.015,1.1221617154359254
2207.25,0.593,1.682,0.016,1.2778280640687247
2207.26,0.507,1.668,0.016,1.0611149124469057
2207.26,0.577,1.916,0.018,1.036068267078552
2207.26,0.5,1.627,0.016,1.3845020273954702
2207.26,0.594,1.531,0.017,1.3799616588795467
2207.27,0.577,1.863,0.018,1.0659220982724729
2207.27,0.539,1.896,0.017,1.0824918443889735
2207.28,0.555,1.701,0.019,1.0944509810030743
2207.29,0.529,1.602,0.019,1.4293581183213424
2207.3,0.545,1.55,0.016,1.4074403659818766
2207.3,0.571,1.91,0.017,1.330922743992876
2207.31,0.532,1.902,0.018,1.4516036873902676
2207.31,0.541,1.853,0.019,1.0757939058176529
2207.31,0.556,1.871,0.018,1.0357573601321355
2207.33,0.509,1.554,0.016,1.1666868613645995
2207.33,0.587,1.926,0.015,1.4528393762906218
2207.34,0.551,1.935,0.017,1.4959542489870705
2207.34,0.508,1.753,0.018,1.1885283907841895
2207.34,0.573,1.921,0.016,1.336061382649128
2207.34,0.548,1.702,0.019,1.3777564640507787
2207.35,0.507,1.723,0.016,1.0576989477445669
2207.36,0.548,1.615,0.019,1.2488036710522767
2207.37,0.574,1.57,0.019,1.37076701593096
2207.37,0.502,1.745,0.015,1.21364466414684
2207.37,0.549,1.781,0.019,1.1975456960335158
2207.37,0.501,1.86,0.016,1.2395431744059424
2207.38,0.552,1.881,0.016,1.1588040106541535
2207.38,0.535,1.816,0.017,1.1126049793021782
2207.39,0.526,1.973,0.017,1.4911644273298004
2207.39,0.594,1.517,0.016,1.484976629771647
2207.39,0.575,1.543,0.016,1.1789570121039146
2207.4,0.506,1.915,0.019,1.305857611979174
2207.41,0.593,1.552,0.019,1.100825036735296
2207.41,0.534,1.715,0.019,1.0638893066495645
2207.41,0.536,1.839,0.015,1.2705513858095336
2207.42,0.55,1.681,0.018,1.0542978061238035
2207.43,0.515,1.533,0.019,1.335885335681121
2207.43,0.503,1.718,0.016,1.264914919917226
2207.44,0.577,1.917,0.016,1.4647617972020086
2207.44,0.588,1.5,0.018,1.2637284794622539
2207.44,0.534,1.87,0.015,1.4277462556066673
2207.45,0.574,1.731,0.015,1.265539883854237
2207.45,0.508,1.583,0.017,1.1450572155035388
2207.46,0.574,1.936,0.016,1.088970669487808
2207.47,0.527,1.633,0.018,1.4346922236061954
2207.48,0.561,1.922,0.016,1.42852170590117
2207.48,0.537,1.77,0.016,1.0201105199089668
2207.48,0.593,1.623,0.018,1.3899708328358102
2207.5,0.557,1.946,0.017,1.4204376085524948
2207.5,0.593,1.818,0.019,1.0360473462550854
2207.5,0.562,1.75,0.017,1.0332202387054763
2207.5,0.541,1.776,0.018,1.029566689821078
2207.5,0.536,1.652,0.016,1.331372640717912
2207.51,0.581,1.925,0.018,1.415198098023011
2207.51,0.504,1.829,0.019,1.4443582590042583
2207.52,0.539,1.778,0.017,1.2205865115198162
2207.54,0.51,1.793,0.017,1.438467021348468
2207.54,0.569,1.825,0.018,1.2126303060851544
2207.55,0.502,1.702,0.016,1.1714867016774786
2207.55,0.512,1.622,0.018,1.229698977649924
2207.55,0.563,1.703,0.016,1.3278175136820016
2207.55,0.56,1.741,0.019,1.3262241673455335
2207.56,0.563,1.738,0.015,1.1023525767089333
2207.56,0.557,1.574,0.017,1.3085148988982
2207.57,0.562,1.924,0.019,1.1171702369178194
2207.57,0.515,1.711,0.018,1.2303457603313135
2207.58,0.558,1.611,0.015,1.437208868982407
2207.59,0.578,1.982,0.017,1.4646990805024476
2207.59,0.51,1.931,0.015,1.1666417370554578
2207.59,0.536,1.843,0.019,1.1846365781547579
2207.59,0.575,1.729,0.017,1.056453124812891
2207.59,0.587,1.958,0.019,1.469688916398898
2207.6,0.595,1.794,0.016,1.4435583725091565
2207.6,0.571,1.658,0.017,1.0347372155104146
2207.6,0.575,1.55,0.017,1.4379697961557583
2207.6,0.594,1.708,0.019,1.3445607382914049
2207.61,0.592,1.674,0.016,1.116868000273096
2207.62,0.54,1.732,0.018,1.4156680967412765
2207.62,0.595,1.56,0.017,1.252597878470881
2207.62,0.569,1.689,0.019,1.4885111207656103
2207.62,0.583,1.509,0.017,1.4479572869383832
2207.62,0.514,1.779,0.019,1.300968109872927
2207.63,0.576,1.92,0.016,1.3989800396411691
2207.64,0.514,1.506,0.019,1.0448498177052268
2207.64,0.589,1.536,0.017,1.3451607089678435
2207.64,0.526,1.646,0.018,1.1239532923971902
2207.65,0.546,1.58,0.016,1.1002157281860248
2207.65,0.579,1.884,0.019,1.443374507301792
2207.66,0.503,1.718,0.017,1.299361844460787
2207.66,0.522,1.966,0.016,1.318115187934068
2207.67,0.573,1.691,0.016,1.2044992025276426
2207.68,0.561,1.832,0.016,1.1806033107647396
2207.68,0.51,1.887,0.016,1.354756165865089
2207.69,0.508,1.929,0.015,1.2623744428328822
2207.69,0.563,1.812,0.017,1.3442867107812662
2207.69,0.557,1.599,0.019,1.4982997912782348
2207.7,0.596,1.763,0.019,1.3724829297073786
2207.7,0.599,1.942,0.018,1.4571885544277299
2207.71,0.527,1.58,0.019,1.306477914069156
2207.71,0.521,1.552,0.019,1.2010912132753178
2207.72,0.586,1.901,0.019,1.2370654052405812
2207.72,0.533,1.789,0.019,1.126706128202123
2207.72,0.507,1.98,0.017,1.0710086730131787
2207.72,0.558,1.697,0.015,1.1858273399002313
2207.73,0.562,1.903,0.018,1.3475229014140502
2207.74,0.529,1.944,0.019,1.0319067901039887
2207.74,0.563,1.541,0.019,1.3599772998502446
2207.75,0.532,1.645,0.019,1.2101859190163526
2207.76,0.556,1.913,0.018,1.030578966797231
2207.76,0.569,1.61,0.015,1.1220858198578485
2207.8,0.505,1.861,0.016,1.403216888552574
2207.81,0.501,1.624,0.016,1.453102828249652
2207.82,0.521,1.56,0.015,1.3273207606427517
2207.82,0.507,1.756,0.016,1.2428038589941603
2207.82,0.546,1.778,0.018,1.2044273972809936
2207.83,0.527,1.959,0.017,1.4572370893262871
2207.83,0.54,1.927,0.016,1.4242935105120331
2207.83,0.523,1.873,0.018,1.0276700373954015
2207.84,0.556,1.816,0.018,1.4917766858925021
2207.84,0.539,1.718,0.017,1.21917634210621
2207.86,0.566,1.57,0.019,1.4866967579753858
2207.86,0.556,1.634,0.016,1.0016478966756996
2207.86,0.595,1.929,0.016,1.2055474273162432
2207.86,0.585,1.839,0.015,1.444423714876168
2207.86,0.548,1.709,0.015,1.3729891408924249
2207.86,0.59,1.736,0.015,1.0823492825839205
2207.87,0.528,1.711,0.018,1.2708399092452973
2207.88,0.592,1.984,0.017,1.124012578909955
2207.9,0.541,1.886,0.017,1.0651127346085882
2207.9,0.552,1.925,0.016,1.1175454157109928
2207.91,0.5,1.557,0.015,1.318581822415198
2207.91,0.591,1.881,0.016,1.082651258222988
2207.93,0.535,1.924,0.019,1.49054086741795
2207.93,0.539,1.821,0.018,1.1200692388835052
2207.93,0.533,1.558,0.018,1.2247778037984718
2207.94,0.555,1.794,0.019,1.0433662778422113
2207.94,0.539,1.72,0.018,1.3352430940370228
2207.96,0.507,1.53,0.019,1.06845054965929
2207.96,0.501,1.583,0.019,1.481350141528589
2207.96,0.531,1.954,0.017,1.2631069404453905
2207.96,0.593,1.505,0.018,1.1618081514889655
2207.97,0.539,1.94,0.019,1.4179515616460008
2207.97,0.519,1.761,0.016,1.1773063151478964
2207.97,0.579,1.728,0.016,1.0961622000899105
2207.97,0.513,1.792,0.017,1.4569419915879274
2207.97,0.584,1.583,0.017,1.4328871680809692
2207.97,0.561,1.939,0.019,1.330261885889177
2207.98,0.546,1.883,0.019,1.304164590498707
2207.98,0.596,1.974,0.016,1.1539419592764082
2207.99,0.539,1.915,0.015,1.0276845460280932
2207.99,0.547,1.518,0.017,1.37180993994971
2208.0,0.552,1.969,0.017,1.4756346927307515
2208.01,0.574,1.804,0.015,1.0914841263876356
2208.02,0.558,1.524,0.016,1.0604993438410548
2208.02,0.51,1.842,0.015,1.1530102072803101
2208.02,0.501,1.869,0.015,1.1373693821777646
2208.02,0.55,1.816,0.015,1.0180900574708147
2208.03,0.538,1.949,0.015,1.0932579268819627
2208.03,0.53,1.755,0.017,1.2925638546240672
2208.04,0.551,1.889,0.016,1.2637118587578857
2208.05,0.555,1.545,0.016,1.107984370925289
2208.05,0.525,1.735,0.018,1.4632632868784001
2208.07,0.58,1.629,0.017,1.18663907634836
2208.08,0.569,1.86,0.017,1.1325300341910305
2208.08,0.511,1.988,0.017,1.1571633818291165
2208.08,0.542,1.727,0.019,1.1695101365955747
2208.09,0.511,1.83,0.016,1.1227115648448955
2208.09,0.573,1.706,0.016,1.1053263834855755
2208.09,0.525,1.934,0.016,1.0494982733700557
2208.11,0.502,1.622,0.016,1.0254764310405933
2208.11,0.51,1.762,0.017,1.1989057306883228
2208.12,0.537,1.937,0.016,1.4771477833004563
2208.12,0.573,1.625,0.016,1.3980621362168413
2208.13,0.502,1.546,0.019,1.3210439623154002
2208.14,0.577,1.616,0.015,1.004446256224174
2208.14,0.556,1.987,0.018,1.4485056597680772
2208.14,0.559,1.505,0.019,1.2167397492284053
2208.15,0.509,1.957,0.017,1.3990776474433555
2208.16,0.599,1.732,0.019,1.1118503650972653
2208.17,0.599,1.524,0.018,1.1816548742339188
2208.17,0.524,1.788,0.015,1.3699741095035245
2208.17,0.571,1.734,0.019,1.0352726225469198
2208.18,0.594,1.771,0.017,1.1120030943005323
2208.18,0.554,1.813,0.019,1.2049057184172467
2208.18,0.593,1.805,0.018,1.296653921938155
2208.18,0.5,1.504,0.019,1.4112299506396884
2208.19,0.543,1.691,0.016,1.4009818180692726
2208.19,0.563,1.841,0.015,1.4903131647889358
2208.2,0.53,1.578,0.018,1.3387909328414729
2208.21,0.584,1.746,0.018,1.4500766691014517
2208.23,0.525,1.769,0.015,1.435338661159111
2208.23,0.54,1.621,0.017,1.4015168363468413
2208.23,0.549,1.94,0.018,1.3453934321618894
2208.24,0.585,1.824,0.019,1.3502792917948405
2208.24,0.5,1.794,0.017,1.477912301216478
2208.25,0.532,1.986,0.015,1.3011445450105945
2208.25,0.517,1.831,0.017,1.0043545404736214
2208.25,0.521,1.907,0.015,1.4851601993622916
2208.26,0.553,1.863,0.015,1.4658965871389498
2208.26,0.557,1.99,0.015,1.0050548783659505
2208.26,0.509,1.918,0.019,1.2148907948585639
2208.27,0.53,1.766,0.016,1.3795752895094802
2208.27,0.501,1.607,0.018,1.0718960175373051
2208.28,0.576,1.794,0.017,1.093997281195336
2208.29,0.504,1.622,0.019,1.4708264190307578
2208.29,0.543,1.893,0.015,1.2284009087865972
2208.3,0.537,1.985,0.016,1.4459030107231094
2208.3,0.515,1.613,0.015,1.001768904295758
2208.31,0.55,1.877,0.017,1.4499797975630255
2208.31,0.522,1.852,0.018,1.2853739674289615
2208.32,0.506,1.933,0.017,1.0195719750874606
2208.33,0.52,1.772,0.019,1.2628112415162336
2208.33,0.537,1.985,0.019,1.4327690311502794
2208.33,0.577,1.805,0.018,1.0222879143744754
2208.34,0.543,1.726,0.015,1.2699915067350869
2208.34,0.567,1.536,0.017,1.4003806783367387
2208.34,0.582,1.935,0.019,1.4497213931911972
2208.35,0.594,1.64,0.015,1.3586671115406757
2208.36,0.57,1.64,0.019,1.0838507941254183
2208.36,0.597,1.798,0.017,1.172289416115003
2208.36,0.52,1.601,0.019,1.3897817540121482
2208.36,0.569,1.775,0.018,1.2273542486208586
2208.37,0.512,1.508,0.016,1.1624809884660814
2208.38,0.58,1.853,0.019,1.0972256202109247
2208.39,0.56,1.579,0.016,1.1639182192787243
2208.4,0.562,1.842,0.016,1.1962686474847204
2208.4,0.513,1.617,0.017,1.3736923063280935
2208.4,0.505,1.799,0.018,1.355036334836534
2208.41,0.581,1.954,0.017,1.3958522207242008
2208.42,0.531,1.766,0.017,1.1681666674655995
2208.42,0.51,1.91,0.018,1.4959005258624052
2208.43,0.562,1.742,0.018,1.419217384949692
2208.43,0.507,1.788,0.017,1.2784096197741563
2208.43,0.503,1.886,0.015,1.1381872771189039
2208.44,0.567,1.586,0.018,1.4447017049384294
2208.44,0.574,1.601,0.018,1.1731441000749374
2208.44,0.516,1.542,0.018,1.3426546698360498
2208.44,0.593,1.708,0.018,1.357072511134183
2208.45,0.582,1.765,0.015,1.1580827303484074
2208.46,0.567,1.555,0.019,1.0107466555291709
2208.46,0.504,1.78,0.018,1.2348133924599958
2208.48,0.51,1.577,0.017,1.2295147297182631
2208.48,0.57,1.609,0.019,1.1994087255514927
2208.49,0.548,1.563,0.015,1.370401206060314
2208.49,0.596,1.515,0.019,1.4844000276530258
2208.5,0.549,1.946,0.016,1.2102875249061
2208.53,0.562,1.707,0.018,1.3992092533223615
2208.53,0.549,1.706,0.019,1.3806173176966787
2208.53,0.526,1.5,0.016,1.085090590982072
2208.55,0.571,1.791,0.017,1.1180445361578166
2208.55,0.524,1.987,0.015,1.4209984384470742
2208.56,0.509,1.965,0.016,1.215213303225501
2208.57,0.529,1.61,0.015,1.396298870159979
2208.57,0.581,1.678,0.017,1.0434821565656573
2208.57,0.524,1.715,0.019,1.2713726787380932
2208.57,0.59,1.868,0.018,1.2580807065146908
2208.57,0.536,1.777,0.018,1.4911944874003593
2208.58,0.561,1.637,0.017,1.3338076669988859
2208.58,0.599,1.837,0.016,1.272896639375702
2208.59,0.545,1.912,0.019,1.4241560422733464
2208.59,0.555,1.935,0.015,1.4334648775757781
2208.59,0.531,1.924,0.015,1.1374509824615862
2208.6,0.556,1.612,0.017,1.20025654484181
2208.61,0.569,1.821,0.016,1.3612136420212466
2208.61,0.58,1.986,0.019,1.071883024165961
2208.62,0.507,1.621,0.019,1.1144314438230838
2208.62,0.509,1.796,0.019,1.1382098574561286
2208.62,0.593,1.708,0.017,1.4672768712675897
2208.63,0.572,1.766,0.019,1.0956301774675832
2208.63,0.518,1.618,0.018,1.1416792465104886
2208.63,0.58,1.952,0.017,1.4914609861511696
2208.63,0.51,1.684,0.018,1.1190213164972047
2208.65,0.525,1.859,0.019,1.3401975260423662
2208.65,0.51,1.556,0.016,1.1048438436447228
2208.65,0.527,1.857,0.015,1.1558968725239265
2208.65,0.572,1.889,0.018,1.1670930743170038
2208.66,0.574,1.696,0.016,1.4222284688138622
2208.66,0.583,1.515,0.017,1.0766514990068028
2208.67,0.566,1.577,0.019,1.0374455722272462
2208.67,0.56,1.972,0.015,1.1735759756013378
2208.67,0.528,1.525,0.015,1.0251506255499632
2208.67,0.526,1.807,0.015,1.0674093786104883
2208.68,0.508,1.988,0.017,1.1277476907760104
2208.68,0.546,1.539,0.019,1.4023339536531914
2208.69,0.571,1.846,0.015,1.3805489883569897
2208.7,0.518,1.923,0.018,1.3451974774384552
2208.7,0.591,1.571,0.018,1.0324592499319971
2208.71,0.527,1.991,0.015,1.0648602742533415
2208.71,0.565,1.887,0.015,1.1435383497339828
2208.71,0.583,1.597,0.015,1.1463253469038048
2208.71,0.564,1.764,0.015,1.49293560307561
2208.71,0.519,1.994,0.019,1.207661881426725
2208.72,0.521,1.858,0.019,1.1090702982447211
2208.73,0.595,1.942,0.017,1.06347536817175
2208.73,0.571,1.643,0.017,1.4360266272855868
2208.74,0.592,1.67,0.017,1.0329087943326511
2208.76,0.512,1.87,0.018,1.0521629386929903
2208.76,0.514,1.525,0.017,1.1195571771848412
2208.77,0.509,1.811,0.017,1.1657221722080895
2208.78,0.591,1.824,0.018,1.3537973555720253
2208.78,0.524,1.601,0.019,1.2791019346984622
2208.79,0.598,1.515,0.016,1.1545303235671625
2208.79,0.54,1.572,0.018,1.2231053102041543
2208.79,0.506,1.707,0.015,1.456741396778871
2208.79,0.59,1.799,0.017,1.046188461586129
2208.8,0.598,1.622,0.015,1.3222242600210157
2208.8,0.536,1.716,0.018,1.0908112561946812
2208.81,0.585,1.709,0.016,1.326163157244392
2208.82,0.563,1.64,0.015,1.2910417946365886
2208.82,0.501,1.695,0.017,1.0015356075086166
2208.82,0.546,1.783,0.019,1.1836157928753142
2208.83,0.595,1.732,0.015,1.081837546375997
2208.83,0.541,1.538,0.015,1.0142442443989115
2208.84,0.582,1.765,0.015,1.413420983167893
2208.84,0.552,1.675,0.016,1.4023712366681655
2208.85,0.532,1.759,0.016,1.3024217114812597
2208.85,0.591,1.669,0.019,1.192954934869086
2208.85,0.588,1.885,0.018,1.2827488072886026
2208.86,0.506,1.665,0.018,1.1124709816674163
2208.86,0.521,1.76,0.017,1.0801210612408787
2208.87,0.525,1.564,0.015,1.3621192356787197
2208.87,0.573,1.546,0.018,1.2348355240696134
2208.87,0.545,1.785,0.017,1.1974104026378989
2208.88,0.534,1.949,0.017,1.1169898270138883
2208.88,0.546,1.705,0.017,1.4447101731030243
2208.88,0.593,1.839,0.018,1.3850537764328357
2208.88,0.541,1.972,0.016,1.038298271974916
2208.88,0.508,1.719,0.016,1.1252075436224998
2208.88,0.514,1.863,0.015,1.3197791037714826
2208.89,0.591,1.822,0.018,1.443340364092632
2208.91,0.572,1.599,0.019,1.2559830541130845
2208.91,0.531,1.825,0.016,1.3120204315972575
2208.91,0.591,1.599,0.019,1.3671852768311996
2208.91,0.553,1.814,0.015,1.0669000183847595
2208.92,0.584,1.66,0.019,1.0496756816268238
2208.92,0.591,1.967,0.016,1.2674367081452222
2208.92,0.56,1.977,0.016,1.43079224644229
2208.93,0.515,1.549,0.019,1.2848803010620922
2208.93,0.55,1.634,0.016,1.1353024994380103
2208.93,0.575,1.729,0.016,1.2440239174348875
2208.94,0.534,1.856,0.018,1.1498002729758054
2208.94,0.586,1.85,0.018,1.3589321962926988
2208.95,0.509,1.696,0.015,1.1130461919363974
2208.95,0.558,1.696,0.015,1.2329423211762174
2208.95,0.557,1.579,0.018,1.181814176379143
2208.95,0.563,1.8,0.015,1.0103082148634859
2208.96,0.535,1.792,0.018,1.405694881809731
2208.97,0.531,1.875,0.017,1.272701242168249
2208.97,0.594,1.809,0.018,1.3108531441915385
2208.97,0.5,1.85,0.019,1.2688404879568578
2208.99,0.593,1.65,0.016,1.0614091783971475
2208.99,0.53,1.569,0.015,1.3459700151513545
2209.0,0.554,1.775,0.016,1.206857769871703
2209.0,0.511,1.675,0.015,1.4886327691324857
2209.0,0.511,1.742,0.017,1.12481027189237
2209.0,0.588,1.985,0.015,1.09542820241032
2209.01,0.59,1.932,0.018,1.227485229892655
2209.02,0.556,1.985,0.017,1.4500370687413806
2209.02,0.504,1.63,0.015,1.2543397073447953
2209.02,0.519,1.521,0.017,1.157850428903493
2209.03,0.568,1.889,0.015,1.0215513058727328
2209.03,0.53,1.753,0.018,1.352798882333962
2209.04,0.517,1.823,0.017,1.035002169159659
2209.04,0.531,1.774,0.015,1.023783016551204
2209.05,0.529,1.742,0.015,1.0874508878348685
2209.05,0.511,1.774,0.015,1.4289957599227652
2209.06,0.53,1.505,0.017,1.186614771640351
2209.06,0.569,1.574,0.017,1.4008807621226935
2209.06,0.51,1.866,0.016,1.320152917825617
2209.06,0.528,1.605,0.017,1.2352505377869083
2209.06,0.545,1.839,0.017,1.216251157529932
2209.06,0.556,1.908,0.019,1.2286885353582484
2209.08,0.586,1.764,0.019,1.2546018175211113
2209.08,0.57,1.803,0.015,1.4352821368123447
2209.09,0.548,1.892,0.018,1.4078890599522382
2209.1,0.562,1.649,0.015,1.4780460719997037
2209.11,0.584,1.844,0.016,1.3667387365342138
2209.11,0.554,1.972,0.018,1.14834810202131
2209.11,0.512,1.895,0.016,1.0092681644684751
2209.12,0.565,1.62,0.019,1.4495132656498373
2209.12,0.557,1.738,0.015,1.2806915437725772
2209.13,0.584,1.891,0.017,1.447945612449835
2209.14,0.508,1.836,0.016,1.4507447004590235
2209.14,0.599,1.545,0.019,1.4072291684037883
2209.16,0.503,1.534,0.019,1.1238920263768086
2209.16,0.517,1.527,0.019,1.1006480198503394
2209.16,0.595,1.552,0.016,1.114760775671101
2209.16,0.568,1.616,0.017,1.1535175636455952
2209.17,0.588,1.987,0.017,1.4764940245953149
2209.17,0.541,1.502,0.015,1.0480219172421248
2209.17,0.538,1.982,0.015,1.4133949972025108
2209.18,0.503,1.817,0.019,1.2300855383652356
2209.19,0.532,1.786,0.018,1.3373584825032632
2209.19,0.571,1.994,0.017,1.386537712171126
2209.19,0.577,1.7,0.017,1.1968990729792837
2209.2,0.534,1.576,0.018,1.2438632463521961
2209.2,0.507,1.504,0.018,1.1880572118032324
2209.2,0.55,1.592,0.018,1.0625318035702491
2209.21,0.548,1.986,0.015,1.3136280418846786
2209.22,0.552,1.773,0.016,1.310561653334883
2209.23,0.501,1.952,0.018,1.4177785382903245
2209.23,0.517,1.869,0.019,1.4407687361242507
2209.24,0.533,1.696,0.019,1.12506764141215
2209.24,0.599,1.767,0.016,1.3269238739914306
2209.25,0.543,1.529,0.016,1.4879499802551375
2209.25,0.502,1.83,0.016,1.4128950257326376
2209.25,0.515,1.546,0.015,1.16144853061752
2209.25,0.596,1.855,0.016,1.0652788787972318
2209.26,0.543,1.852,0.015,1.404009371804368
2209.26,0.54,1.524,0.018,1.0072420875786727
2209.27,0.562,1.669,0.017,1.117608885803055
2209.27,0.558,1.544,0.019,1.485589797255744
2209.28,0.575,1.951,0.017,1.022277104441906
2209.28,0.552,1.693,0.018,1.4079992308136169
2209.29,0.547,1.808,0.019,1.2391813665089078
2209.29,0.555,1.974,0.015,1.448252234488622
2209.31,0.525,1.838,0.018,1.3264656707202156
2209.31,0.504,1.89,0.019,1.1391731377563066
2209.31,0.593,1.691,0.019,1.3284350765976876
2209.31,0.524,1.546,0.016,1.1769955239541317
2209.31,0.551,1.607,0.017,1.4501799735817973
2209.31,0.579,1.94,0.017,1.1680599151438003
2209.31,0.518,1.563,0.019,1.0541914940520356
2209.32,0.535,1.775,0.016,1.0998541936362574
2209.33,0.514,1.578,0.015,1.1863093701831544
2209.34,0.564,1.676,0.015,1.2392101375978737
2209.35,0.594,1.731,0.016,1.3196612289296143
2209.36,0.533,1.538,0.018,1.420918444340236
2209.37,0.554,1.937,0.015,1.24986624548352
2209.38,0.574,1.568,0.016,1.1378460657000709
2209.38,0.532,1.908,0.016,1.3089692582997894
2209.39,0.579,1.86,0.015,1.2716145962080918
2209.39,0.505,1.702,0.019,1.1718273641901982
2209.39,0.54,1.546,0.019,1.3427682933004719
2209.41,0.54,1.93,0.018,1.1645074078354014
2209.41,0.588,1.825,0.019,1.453805497507824
2209.42,0.531,1.653,0.019,1.3990838504243197
2209.43,0.579,1.885,0.016,1.027744625384359
2209.44,0.576,1.839,0.017,1.375658820306823
2209.44,0.539,1.884,0.017,1.1933119628564062
2209.45,0.59,1.757,0.017,1.1692165477888152
2209.46,0.531,1.582,0.016,1.1973528137986866
2209.47,0.59,1.701,0.019,1.4616601258734374
2209.47,0.542,1.693,0.018,1.1943606040570165
2209.47,0.588,1.864,0.018,1.4042099791415015
2209.47,0.565,1.714,0.015,1.0836315841247006
2209.47,0.561,1.907,0.017,1.2738281936508886
2209.48,0.558,1.596,0.019,1.126147794668662
2209.48,0.523,1.859,0.017,1.475039479113762
2209.49,0.514,1.656,0.018,1.0007889462656638
2209.49,0.593,1.575,0.018,1.2853006355903709
2209.49,0.523,1.957,0.016,1.4108657883747235
2209.5,0.554,1.984,0.017,1.0010584945650036
2209.5,0.536,1.987,0.015,1.3984582045187928
2209.51,0.534,1.954,0.019,1.1135803892480598
2209.51,0.573,1.784,0.017,1.464115692025916
2209.51,0.503,1.902,0.016,1.041682143743489
2209.51,0.566,1.61,0.019,1.4864706469477884
2209.52,0.577,1.659,0.019,1.0218989412123123
2209.52,0.598,1.771,0.016,1.3114670681226057
2209.52,0.572,1.594,0.015,1.4016664648711967
2209.53,0.598,1.75,0.016,1.206851868239705
2209.53,0.52,1.75,0.016,1.0055463592752267
2209.54,0.586,1.844,0.017,1.2073370277185909
2209.54,0.52,1.824,0.019,1.364300037120859
2209.55,0.505,1.781,0.018,1.2363608829926211
2209.55,0.505,1.641,0.016,1.47085205970539
2209.55,0.596,1.969,0.017,1.0076781340491783
2209.56,0.588,1.515,0.018,1.2879635002202987
2209.56,0.562,1.548,0.018,1.4964971814886454
2209.57,0.536,1.793,0.017,1.163158895199946
2209.59,0.562,1.808,0.018,1.4451957837853433
2209.59,0.556,1.681,0.017,1.4994477402646078
2209.59,0.565,1.912,0.016,1.499877694687933
2209.6,0.525,1.728,0.016,1.1422058754224222
2209.61,0.576,1.712,0.016,1.4421263789766994
2209.61,0.578,1.502,0.015,1.1147529577848585
2209.61,0.582,1.767,0.017,1.1429509351360003
2209.62,0.588,1.585,0.018,1.3740951122873915
2209.62,0.512,1.743,0.019,1.4507482045703524
2209.62,0.57,1.767,0.019,1.3966818608401081
2209.62,0.574,1.726,0.019,1.4420285749262585
2209.63,0.582,1.534,0.016,1.061878684647807
2209.63,0.549,1.582,0.018,1.3407171899072465
2209.63,0.557,1.702,0.017,1.3408549932718563
2209.64,0.599,1.979,0.017,1.3220348715708417
2209.64,0.539,1.781,0.018,1.352007356039766
2209.64,0.56,1.706,0.019,1.3309646114890201
2209.65,0.578,1.66,0.017,1.3248689734633992
2209.65,0.542,1.926,0.019,1.4088703457927445
2209.65,0.594,1.612,0.015,1.156395407791702
2209.66,0.579,1.511,0.019,1.4068635684571589
2209.67,0.551,1.706,0.019,1.2362429259261924
2209.69,0.511,1.615,0.017,1.3512580457114165
2209.7,0.539,1.853,0.015,1.3519739266458464
2209.71,0.503,1.722,0.015,1.1849866815596535
2209.73,0.576,1.794,0.019,1.035045275397336
2209.74,0.582,1.537,0.015,1.0501175556724283
2209.74,0.582,1.737,0.019,1.2453046907074674
2209.75,0.577,1.676,0.019,1.1979181014247722
2209.75,0.594,1.835,0.015,1.1144798382735854
2209.75,0.585,1.772,0.017,1.0198103647520187
2209.77,0.557,1.762,0.019,1.0543194495679507
2209.77,0.543,1.605,0.016,1.4487801064541943
2209.78,0.587,1.86,0.015,1.3096972092470067
2209.78,0.578,1.876,0.019,1.0602791891430594
2209.79,0.522,1.843,0.019,1.3676662401870605
2209.8,0.566,1.733,0.017,1.3783353161350342
2209.8,0.571,1.896,0.018,1.0568368580081329
2209.8,0.532,1.588,0.017,1.455481208309542
2209.8,0.502,1.798,0.018,1.4676217223125212
2209.81,0.595,1.761,0.019,1.4249125235052906
2209.81,0.573,1.977,0.015,1.156042932964871
2209.82,0.532,1.883,0.019,1.0817222378858289
2209.82,0.529,1.701,0.018,1.051501585904134
2209.83,0.55,1.866,0.016,1.0094743476040922
2209.84,0.554,1.729,0.017,1.4471205997799288
2209.84,0.551,1.522,0.017,1.0958063803100402
2209.85,0.573,1.642,0.018,1.2734457562732604
2209.87,0.514,1.809,0.015,1.0833954170402649
2209.87,0.581,1.576,0.017,1.1975570129207633
2209.88,0.55,1.757,0.016,1.4645237154474628
2209.88,0.585,1.76,0.019,1.193997106634219
2209.9,0.59,1.573,0.019,1.0037521935889204
2209.9,0.522,1.855,0.017,1.2407215985375328
2209.9,0.565,1.579,0.017,1.0847313038557669
2209.9,0.568,1.668,0.018,1.327291287462094
2209.94,0.591,1.951,0.018,1.2095982450103404
2209.96,0.545,1.686,0.016,1.4391077473107883
2209.97,0.534,1.795,0.016,1.3183133791586628
2209.99,0.576,1.792,0.018,1.4811135918321385
2209.99,0.58,1.838,0.019,1.1134614243783856
2209.99,0.574,1.88,0.018,1.0192541259927799
2210.0,0.552,1.556,0.015,1.1659942009779987
2210.0,0.578,1.957,0.017,1.3675434779336808
2210.01,0.525,1.918,0.015,1.0709024897963257
2210.01,0.545,1.751,0.017,1.167793522580371
2210.01,0.563,1.835,0.016,1.1411237790793098
2210.01,0.557,1.981,0.018,1.4751465313918877
2210.02,0.596,1.812,0.019,1.458713124042038
2210.03,0.517,1.92,0.017,1.2520579274695622
2210.03,0.563,1.506,0.017,1.3400214381569824
2210.03,0.542,1.671,0.016,1.0965687240403184
2210.03,0.594,1.528,0.019,1.080590683080764
2210.04,0.542,1.761,0.016,1.1474453439208794
2210.04,0.552,1.663,0.015,1.2576369784170254
2210.05,0.552,1.905,0.019,1.303883142515883
2210.05,0.531,1.571,0.017,1.406372484216771
2210.07,0.592,1.971,0.019,1.3943658060865198
2210.07,0.593,1.66,0.016,1.479763705355048
2210.08,0.546,1.805,0.018,1.037237535662879
2210.08,0.564,1.7,0.015,1.0315385056495612
2210.08,0.564,1.805,0.019,1.1566376383025276
2210.08,0.5,1.666,0.018,1.0046852607993924
2210.09,0.581,1.509,0.016,1.382221624573313
2210.09,0.568,1.502,0.017,1.2139185594169077
2210.1,0.597,1.65,0.018,1.2669869620731635
2210.1,0.544,1.624,0.015,1.2606967737263464
2210.11,0.543,1.578,0.018,1.081523370247138
2210.11,0.573,1.663,0.017,1.24817296333909
2210.12,0.576,1.518,0.019,1.3118823186590995
2210.12,0.56,1.775,0.018,1.127674968869726
2210.12,0.519,1.73,0.015,1.1851579878541527
2210.12,0.547,1.536,0.017,1.2467118273689621
2210.12,0.586,1.52,0.016,1.3010361472702516
2210.13,0.546,1.642,0.017,1.1436842871925685
2210.14,0.517,1.623,0.015,1.1071415102083502
2210.14,0.531,1.769,0.018,1.3233493485291092
2210.16,0.515,1.775,0.015,1.4741604857792863
2210.16,0.589,1.505,0.016,1.102359255951535
2210.16,0.594,1.87,0.017,1.1598965472462237
2210.17,0.593,1.839,0.019,1.075431946954565
2210.17,0.52,1.99,0.019,1.2285407341648973
2210.18,0.566,1.853,0.017,1.3380948086338886
2210.18,0.583,1.89,0.017,1.4450431739987133
2210.19,0.592,1.513,0.015,1.3681242058136465
2210.19,0.57,1.566,0.019,1.2948801826734457
2210.22,0.587,1.765,0.019,1.4762401625164239
2210.23,0.528,1.913,0.019,1.1433283347584127
2210.24,0.556,1.925,0.017,1.4339134326873797
2210.25,0.509,1.595,0.017,1.1922420282436716
2210.25,0.59,1.919,0.015,1.0195105120029428
2210.25,0.5,1.89,0.017,1.2461516645476838
2210.26,0.566,1.792,0.019,1.0408134825086206
2210.28,0.52,1.843,0.019,1.3378204559640892
2210.28,0.551,1.882,0.018,1.383477547613572
2210.3,0.58,1.538,0.015,1.221083212970563
2210.3,0.504,1.833,0.015,1.1808745257230147
2210.3,0.501,1.595,0.019,1.4552279257331338
2210.31,0.593,1.572,0.017,1.31144201649407
2210.31,0.549,1.914,0.016,1.4287093262278852
2210.31,0.558,1.64,0.018,1.0554382310797017
2210.31,0.552,1.765,0.017,1.188589029606326
2210.32,0.581,1.501,0.015,1.0168481752187166
2210.32,0.532,1.779,0.017,1.3493907045060363
2210.33,0.55,1.544,0.019,1.2642559912041895
2210.33,0.527,1.716,0.017,1.1362817374763854
2210.33,0.525,1.818,0.015,1.1677351810231364
2210.34,0.564,1.659,0.018,1.3819344402987075
2210.34,0.519,1.843,0.017,1.4012331594579561
2210.35,0.571,1.88,0.019,1.3181741079944342
2210.35,0.508,1.929,0.016,1.3564928215088554
2210.35,0.533,1.685,0.019,1.0956451916998748
2210.35,0.56,1.711,0.016,1.3805859447949103
2210.38,0.598,1.634,0.019,1.369546851040522
2210.38,0.511,1.56,0.018,1.1774415178897235
2210.4,0.557,1.993,0.016,1.1475018605272103
2210.4,0.584,1.902,0.015,1.2864598439371666
2210.4,0.551,1.592,0.019,1.0158146664079577
2210.41,0.504,1.748,0.018,1.404788210551011
2210.42,0.572,1.84,0.015,1.2279917302555177
2210.42,0.589,1.526,0.016,1.4342548043922099
2210.42,0.521,1.696,0.018,1.4031136217608478
2210.43,0.536,1.595,0.018,1.2781704337463191
2210.43,0.593,1.619,0.017,1.0671709773343778
2210.45,0.526,1.553,0.018,1.3041411167299533
2210.45,0.578,1.665,0.015,1.2957207968804247
2210.46,0.529,1.784,0.018,1.111905970694255
2210.46,0.56,1.985,0.015,1.4024083320277696
2210.46,0.521,1.787,0.016,1.2649915183024665
2210.48,0.549,1.919,0.015,1.4713167428538296
2210.48,0.536,1.681,0.018,1.155090637783543
2210.48,0.551,1.979,0.016,1.0151235532757565
2210.48,0.556,1.921,0.015,1.2192390414213268
2210.51,0.591,1.73,0.018,1.453606206182831
2210.51,0.563,1.811,0.018,1.0463454579577025
2210.51,0.536,1.835,0.019,1.166626447097215
2210.53,0.584,1.92,0.019,1.4294035390586992
2210.54,0.528,1.981,0.019,1.3984515751122033
2210.54,0.552,1.688,0.019,1.4833272690186354
2210.54,0.509,1.991,0.019,1.446704634601449
2210.56,0.582,1.79,0.018,1.0403808537719508
2210.56,0.59,1.602,0.015,1.4712046987707539
2210.56,0.527,1.901,0.017,1.036569668489025
2210.57,0.55,1.79,0.015,1.2365861819606436
2210.57,0.564,1.684,0.019,1.4183410352582402
2210.58,0.574,1.601,0.017,1.2723232673983267
2210.59,0.552,1.815,0.016,1.3955039712096717
2210.6,0.54,1.772,0.017,1.1407044529248487
2210.6,0.516,1.928,0.017,1.2429123375836346
2210.6,0.537,1.691,0.016,1.0155377757131676
2210.6,0.518,1.642,0.018,1.082072532839388
2210.61,0.521,1.833,0.016,1.3240053077668175
2210.61,0.548,1.869,0.018,1.2532767437614212
2210.62,0.548,1.712,0.016,1.2289731367988543
2210.62,0.504,1.697,0.015,1.376501012814725
2210.62,0.532,1.682,0.019,1.3197662837940416
2210.62,0.517,1.53,0.017,1.3791798764763057
2210.63,0.532,1.969,0.017,1.3111329171100325
2210.63,0.508,1.903,0.019,1.3932681491603294
2210.63,0.57,1.769,0.019,1.0252251244486357
2210.63,0.523,1.972,0.018,1.4333108185586982
2210.64,0.518,1.823,0.018,1.0804154315814194
2210.65,0.559,1.685,0.015,1.492122111541556
2210.65,0.562,1.58,0.015,1.2314734667680989
2210.66,0.556,1.891,0.018,1.1253217651219518
2210.66,0.578,1.625,0.016,1.393457385145882
2210.67,0.514,1.753,0.019,1.4148064096857744
2210.67,0.504,1.931,0.015,1.0994383053666112
2210.68,0.548,1.885,0.015,1.398675495642405
2210.68,0.51,1.621,0.015,1.1539828841048325
2210.68,0.547,1.528,0.019,1.429427869888991
2210.7,0.569,1.798,0.017,1.446838259274971
2210.7,0.52,1.99,0.017,1.272701859297703
2210.7,0.515,1.824,0.019,1.189530738342419
2210.7,0.532,1.801,0.016,1.4231522467934115
2210.7,0.559,1.533,0.016,1.2348075972832209
2210.7,0.583,1.604,0.019,1.459465880399545
2210.72,0.556,1.506,0.015,1.0812545441262116
2210.72,0.521,1.745,0.019,1.1577393992004037
2210.72,0.512,1.905,0.017,1.0570177527982518
2210.72,0.546,1.7,0.019,1.0854403632919538
2210.73,0.504,1.638,0.017,1.3624274611432818
2210.74,0.596,1.582,0.015,1.2315466725016995
2210.74,0.586,1.615,0.019,1.1463024522654963
2210.74,0.572,1.884,0.016,1.272683524654703
2210.74,0.545,1.956,0.019,1.387568484281769
2210.75,0.517,1.854,0.019,1.3537714258313136
2210.76,0.512,1.968,0.015,1.4096787298290363
2210.76,0.517,1.722,0.018,1.3146379648028832
2210.76,0.551,1.766,0.015,1.4928914956480341
2210.77,0.512,1.714,0.019,1.4297645211266543
2210.78,0.547,1.828,0.016,1.0105240077308508
2210.78,0.577,1.796,0.019,1.4601697362242614
2210.79,0.557,1.558,0.017,1.3431363425211904
2210.8,0.502,1.696,0.016,1.4856939264998585
2210.8,0.502,1.543,0.018,1.1400114065098905
2210.8,0.556,1.809,0.017,1.025594690936674
2210.81,0.595,1.919,0.019,1.050436143580794
2210.81,0.547,1.996,0.017,1.4539715614539535
2210.83,0.536,1.94,0.019,1.1270259490345427
2210.84,0.544,1.619,0.015,1.2451277300270838
2210.84,0.592,1.545,0.018,1.0351212453196683
2210.85,0.574,1.557,0.018,1.035839040937176
2210.85,0.563,1.511,0.018,1.368251971225852
2210.85,0.549,1.83,0.016,1.4076305610546802
2210.85,0.562,1.753,0.015,1.441034010510906
2210.86,0.56,1.799,0.016,1.4920033626433895
2210.86,0.541,1.586,0.015,1.4456703381110538
2210.86,0.513,1.918,0.016,1.1703659137879987
2210.87,0.565,1.735,0.016,1.0448992225288825
2210.88,0.587,1.922,0.017,1.043697698537305
2210.88,0.579,1.928,0.019,1.379890131826373
2210.88,0.581,1.909,0.015,1.4640573924210454
2210.88,0.578,1.976,0.018,1.2654873652440006
2210.89,0.541,1.615,0.018,1.055181718100255
2210.9,0.543,1.76,0.016,1.1556946025596677
2210.9,0.554,1.57,0.019,1.486880210060702
2210.9,0.51,1.72,0.015,1.405707682577497
2210.9,0.545,1.759,0.019,1.165302543232622
2210.9,0.542,1.565,0.018,1.3918802404991049
2210.91,0.539,1.655,0.019,1.3192780983490187
2210.91,0.523,1.762,0.016,1.2810343896281084
2210.92,0.526,1.712,0.018,1.4083200893134893
2210.92,0.528,1.656,0.019,1.2443530796999804
2210.92,0.525,1.509,0.015,1.194628852113961
2210.92,0.594,1.64,0.017,1.3178013825558772
2210.92,0.577,1.567,0.018,1.1781961594530261
2210.94,0.567,1.765,0.017,1.0187973880540515
2210.95,0.562,1.844,0.019,1.3282179150983118
2210.95,0.541,1.553,0.016,1.097715953470836
2210.96,0.516,1.658,0.018,1.0840507115028297
2210.97,0.591,1.503,0.017,1.4654058690965326
2210.97,0.506,1.667,0.015,1.3001781885451467
2210.97,0.556,1.864,0.019,1.424915900241389
2210.97,0.52,1.891,0.015,1.3288726212296011
2210.98,0.585,1.544,0.018,1.1603995931754303
2210.98,0.542,1.872,0.019,1.3256363122770174
2210.98,0.581,1.762,0.017,1.2479141162168264
2210.99,0.598,1.726,0.018,1.4608849828841701
2210.99,0.524,1.636,0.016,1.0908213862159035
2210.99,0.599,1.733,0.015,1.0785468952739592
2211.01,0.536,1.646,0.015,1.4231968937469617
2211.03,0.518,1.563,0.016,1.3162567621100179
2211.04,0.529,1.915,0.016,1.3206040306418918
2211.04,0.587,1.754,0.017,1.0341041720316597
2211.04,0.558,1.578,0.015,1.1162346212863596
2211.05,0.534,1.781,0.015,1.3157263994889787
2211.05,0.572,1.968,0.017,1.2849872330610979
2211.05,0.535,1.791,0.019,1.1075589280255875
2211.05,0.586,1.746,0.015,1.0699164510267936
2211.05,0.599,1.828,0.015,1.2386071885641505
2211.06,0.579,1.659,0.018,1.2864480458203755
2211.06,0.526,1.63,0.016,1.2109719840468813
2211.06,0.582,1.648,0.017,1.059064126088536
2211.07,0.582,1.88,0.018,1.0969297531688622
2211.07,0.568,1.718,0.015,1.271814823190172
2211.08,0.589,1.787,0.018,1.4912302817225183
2211.08,0.505,1.762,0.016,1.397052213567155
2211.08,0.595,1.955,0.017,1.0772849122528134
2211.08,0.555,1.5,0.016,1.3418964611303832
2211.09,0.592,1.956,0.017,1.2710586011022318
2211.09,0.536,1.802,0.016,1.3683272142025893
2211.11,0.518,1.874,0.016,1.116383155166837
2211.12,0.513,1.863,0.015,1.4516336788153388
2211.12,0.557,1.965,0.016,1.2668090094901552
2211.12,0.599,1.542,0.018,1.1616394707354887
2211.12,0.542,1.604,0.016,1.360239629124441
2211.13,0.559,1.616,0.019,1.2768399605733953
2211.13,0.587,1.501,0.019,1.2679153872079605
2211.13,0.514,1.903,0.015,1.0903207421456185
2211.14,0.567,1.588,0.017,1.3526405042050282
2211.14,0.518,1.73,0.019,1.235290342269483
2211.15,0.512,1.681,0.016,1.0324894110216696
2211.16,0.562,1.776,0.015,1.0159443982174636
2211.16,0.557,1.69,0.015,1.456949357988026
2211.17,0.529,1.667,0.016,1.1878814740062136
2211.18,0.573,1.614,0.016,1.2119236150225363
2211.18,0.58,1.882,0.016,1.0861033715126305
2211.19,0.542,1.624,0.019,1.3713287965104555
2211.2,0.547,1.917,0.016,1.333595640349159
2211.21,0.554,1.718,0.018,1.023321061459606
2211.22,0.583,1.564,0.019,1.2539260877499085
2211.23,0.578,1.791,0.015,1.327126599670034
2211.24,0.579,1.587,0.015,1.1057848650052038
2211.25,0.579,1.731,0.016,1.3055574725679029
2211.26,0.513,1.819,0.019,1.2731244286122134
2211.26,0.52,1.847,0.019,1.1792148986998225
2211.26,0.577,1.688,0.016,1.4722664724824996
2211.27,0.568,1.638,0.016,1.194998684818185
2211.27,0.596,1.9,0.018,1.1795575034419032
2211.28,0.525,1.859,0.017,1.0476552820236382
2211.28,0.562,1.927,0.016,1.393898695188057
2211.29,0.549,1.704,0.017,1.0112098587113392
2211.29,0.554,1.844,0.015,1.07788904782903
2211.3,0.59,1.62,0.015,1.3586625115404505
2211.3,0.548,1.782,0.015,1.4540298735403328
2211.31,0.582,1.698,0.017,1.2819281220302272
2211.32,0.559,1.838,0.018,1.1573876807255041
2211.32,0.573,1.875,0.018,1.1360859197346835
2211.33,0.548,1.803,0.018,1.2887627558535883
2211.33,0.589,1.574,0.019,1.111361573209737
2211.33,0.564,1.551,0.019,1.1558964788143018
2211.34,0.544,1.667,0.018,1.1316178145070481
2211.34,0.566,1.541,0.018,1.1208690814811582
2211.34,0.528,1.593,0.016,1.099652578628756
2211.35,0.516,1.706,0.017,1.2274898447774714
2211.35,0.557,1.907,0.018,1.075907450489855
2211.36,0.528,1.758,0.019,1.237786834982633
2211.37,0.505,1.984,0.015,1.2112992962663598
2211.37,0.525,1.651,0.019,1.4535286187272014
2211.37,0.538,1.892,0.018,1.085592811258279
2211.38,0.584,1.778,0.015,1.1570098856713198
2211.38,0.574,1.834,0.019,1.3550950860707005
2211.38,0.566,1.697,0.015,1.4009729338845147
2211.39,0.543,1.92,0.016,1.2339423378925556
2211.39,0.549,1.732,0.017,1.291129612025955
2211.4,0.563,1.711,0.019,1.377292444943232
2211.4,0.532,1.517,0.017,1.1154588128468028
2211.4,0.569,1.993,0.018,1.1861343710234145
2211.4,0.58,1.741,0.016,1.1843285928867378
2211.4,0.565,1.797,0.016,1.2946664725158594
2211.41,0.512,1.71,0.015,1.2450524156927871
2211.41,0.546,1.628,0.016,1.2705578774631023
2211.41,0.573,1.705,0.016,1.288122947814767
2211.42,0.593,1.954,0.015,1.4273184733850435
2211.42,0.564,1.52,0.016,1.1625181674577156
2211.43,0.566,1.879,0.017,1.1056943963153791
2211.43,0.575,1.934,0.018,1.1104609076450376
2211.44,0.567,1.705,0.018,1.0027988751798185
2211.44,0.529,1.558,0.018,1.1914092814541428
2211.44,0.554,1.586,0.016,1.3783491391581477
2211.44,0.562,1.574,0.016,1.4096906631439579
2211.45,0.538,1.577,0.019,1.4575311585268125
2211.46,0.563,1.751,0.019,1.193714603288052
2211.48,0.57,1.848,0.016,1.2767128085068564
2211.48,0.586,1.851,0.018,1.1585448189660612
2211.48,0.526,1.654,0.019,1.046121869529123
2211.49,0.503,1.93,0.016,1.3905568472858776
2211.49,0.563,1.71,0.018,1.284006795521421
2211.5,0.599,1.687,0.018,1.316539958840886
2211.5,0.591,1.942,0.018,1.0179228464053205
2211.5,0.595,1.786,0.016,1.1652866807452888
2211.5,0.549,1.683,0.019,1.4215499075038933
2211.51,0.57,1.836,0.016,1.49460670145955
2211.51,0.517,1.582,0.016,1.3595125136402129
2211.51,0.516,1.896,0.018,1.3291201711943967
2211.51,0.572,1.667,0.019,1.2516304652381869
2211.52,0.502,1.992,0.018,1.4002709120791093
2211.53,0.58,1.589,0.018,1.4084994134868678
2211.54,0.541,1.882,0.015,1.304100786483548
2211.55,0.522,1.904,0.019,1.0014032917904312
2211.56,0.562,1.962,0.015,1.1355898550881722
2211.56,0.549,1.605,0.017,1.4230017451304575
2211.56,0.51,1.58,0.016,1.2408680118836535
2211.56,0.577,1.673,0.019,1.3473671518141108
2211.56,0.528,1.93,0.019,1.4305140662686089
2211.57,0.573,1.508,0.017,1.117772026076128
2211.58,0.569,1.517,0.016,1.4916163348071043
2211.58,0.589,1.825,0.017,1.053884217075303
2211.59,0.508,1.511,0.015,1.2346670132424817
2211.6,0.5,1.799,0.016,1.0147435421233646
2211.6,0.538,1.997,0.019,1.3800892393472897
2211.6,0.546,1.529,0.016,1.483166468974255
2211.61,0.549,1.869,0.015,1.299447241857379
2211.61,0.502,1.593,0.017,1.0011062975860758
2211.62,0.547,1.769,0.017,1.3121025961688626
2211.62,0.565,1.515,0.015,1.4996918338179044
2211.62,0.55,1.806,0.019,1.4037602652624384
2211.62,0.531,1.703,0.016,1.122185261912727
2211.63,0.5,1.985,0.019,1.2662573085437927
2211.63,0.591,1.896,0.015,1.3391981199929495
2211.63,0.506,1.521,0.018,1.250657469301188
2211.63,0.539,1.699,0.018,1.043062566035322
2211.64,0.565,1.704,0.019,1.3902864106437165
2211.68,0.594,1.708,0.016,1.2863856171165517
2211.69,0.571,1.59,0.016,1.482373400905201
2211.69,0.554,1.826,0.019,1.197311852788022
2211.69,0.557,1.64,0.016,1.120296537911581
2211.7,0.527,1.901,0.016,1.2234205636858648
2211.7,0.54,1.748,0.019,1.3077869410338157
2211.7,0.595,1.863,0.019,1.2790003467136357
2211.7,0.577,1.726,0.015,1.3045153763659871
2211.7,0.534,1.645,0.015,1.4093261259573209
2211.71,0.522,1.58,0.018,1.360657413315954
2211.73,0.501,1.911,0.017,1.1744355655923002
2211.73,0.588,1.776,0.018,1.2061887142610253
2211.73,0.546,1.644,0.015,1.2575301064076085
2211.74,0.51,1.947,0.015,1.1539917799472796
2211.75,0.583,1.746,0.017,1.241432651484605
2211.75,0.527,1.952,0.015,1.130092023170853
2211.75,0.55,1.943,0.019,1.1059777493896492
2211.76,0.529,1.972,0.015,1.223944057141979
2211.76,0.541,1.838,0.018,1.4790913034588615
2211.76,0.556,1.648,0.017,1.4918646971181593
2211.76,0.507,1.988,0.015,1.4718449251058605
2211.76,0.503,1.705,0.017,1.2599586368319697
2211.77,0.537,1.864,0.018,1.246633357162754
2211.78,0.565,1.622,0.018,1.2496260021545644
2211.78,0.547,1.655,0.019,1.122927539083557
2211.78,0.513,1.881,0.019,1.247893210626878
2211.78,0.558,1.741,0.016,1.273732136922999
2211.8,0.598,1.996,0.017,1.0159120218150812
2211.8,0.542,1.83,0.019,1.3433664524815825
2211.8,0.569,1.59,0.017,1.3074742435626698
2211.8,0.562,1.938,0.016,1.3493562136187822
2211.8,0.511,1.746,0.018,1.372811215952769
2211.81,0.563,1.936,0.019,1.4124308723358125
2211.83,0.522,1.642,0.018,1.0204588324038122
2211.83,0.534,1.95,0.018,1.352357951429516
2211.83,0.569,1.933,0.019,1.0164678234018851
2211.84,0.587,1.762,0.017,1.0419550866763836
2211.84,0.546,1.936,0.017,1.1190812566104158
2211.84,0.501,1.813,0.015,1.2272981575276685
2211.84,0.54,1.659,0.015,1.1674783945218432
2211.84,0.552,1.573,0.019,1.3076073606279133
2211.85,0.556,1.685,0.019,1.1130866470940026
2211.85,0.541,1.956,0.018,1.227654992986877
2211.85,0.565,1.655,0.017,1.1926294440905425
2211.86,0.585,1.808,0.015,1.45992476958739
2211.86,0.527,1.783,0.018,1.1829433172399577
2211.87,0.576,1.857,0.017,1.3037831634867254
2211.87,0.593,1.518,0.016,1.297136518075541
2211.88,0.514,1.969,0.015,1.4919719657926853
2211.9,0.588,1.511,0.018,1.2604022289757149
2211.91,0.512,1.882,0.016,1.3975518589922185
2211.91,0.509,1.732,0.017,1.058512926824376
2211.93,0.55,1.797,0.018,1.0732909785499092
2211.95,0.562,1.966,0.015,1.0645895550059983
2211.95,0.577,1.601,0.019,1.2104846638923903
2211.98,0.517,1.742,0.018,1.022405762500799
2211.98,0.52,1.594,0.019,1.1388386881998702
2211.98,0.598,1.77,0.017,1.351402742784469
2211.99,0.546,1.518,0.017,1.4682614986069573
2211.99,0.599,1.67,0.015,1.3926657716357824
2212.0,0.599,1.677,0.019,1.3761905335101157
2212.0,0.515,1.818,0.016,1.4834181164248252
2212.0,0.53,1.813,0.016,1.3185285044619666
2212.03,0.527,1.712,0.019,1.3744469536624826
2212.03,0.588,1.891,0.016,1.2912167051656134
2212.03,0.527,1.712,0.015,1.007737460196884
2212.04,0.584,1.615,0.015,1.276319106997681
2212.04,0.576,1.622,0.018,1.1162703102192089
2212.05,0.596,1.861,0.015,1.036139166767148
2212.07,0.596,1.669,0.016,1.1874890918397578
2212.07,0.503,1.573,0.018,1.0755560816203031
2212.08,0.552,1.56,0.015,1.475138459957741
2212.08,0.55,1.985,0.016,1.474351669532966
2212.08,0.519,1.904,0.016,1.49133051761057
2212.08,0.594,1.974,0.015,1.3274845843080534
2212.09,0.591,1.733,0.019,1.0311544659535796
2212.1,0.53,1.993,0.019,1.3987142975852467
2212.1,0.575,1.502,0.019,1.1541503341061594
2212.11,0.564,1.888,0.017,1.3041735654012145
2212.12,0.573,1.712,0.017,1.0313972000370926
2212.12,0.522,1.84,0.016,1.4163879783298188
2212.12,0.531,1.517,0.018,1.2426534437603247
2212.13,0.582,1.5,0.016,1.1865828919824177
2212.14,0.598,1.531,0.015,1.233797113103202
2212.14,0.586,1.582,0.018,1.1068812071154528
2212.14,0.521,1.677,0.018,1.2199881180107963
2212.14,0.515,1.752,0.017,1.408217064957956
2212.15,0.563,1.595,0.019,1.0435688446205638
2212.15,0.537,1.848,0.016,1.0116422035648314
2212.15,0.516,1.918,0.017,1.4377221532184838
2212.15,0.555,1.666,0.016,1.3811076637644562
2212.16,0.535,1.941,0.019,1.2230669710947732
2212.17,0.521,1.828,0.018,1.4179021553531477
2212.17,0.57,1.803,0.015,1.1237070372592657
2212.18,0.568,1.887,0.019,1.15090828364977
2212.18,0.514,1.877,0.016,1.199488842931204
2212.19,0.531,1.978,0.016,1.3114673683228075
2212.19,0.558,1.749,0.015,1.2685340901120021
2212.2,0.572,1.851,0.017,1.0831004393900003
2212.21,0.506,1.903,0.016,1.2594128721753113
2212.21,0.591,1.75,0.016,1.2705577077819796
2212.21,0.536,1.667,0.018,1.466936385132242
2212.21,0.501,1.589,0.018,1.3899239971310688
2212.21,0.578,1.655,0.018,1.05846559453239
2212.22,0.503,1.781,0.018,1.4387977457643846
2212.22,0.576,1.952,0.017,1.3132017153466302
2212.22,0.57,1.586,0.016,1.4020524932462686
2212.23,0.561,1.976,0.019,1.428902910061711
2212.23,0.547,1.888,0.017,1.1265997612345147
2212.23,0.556,1.581,0.015,1.2062899415143957
2212.23,0.568,1.557,0.019,1.1363437511109225
2212.25,0.528,1.761,0.015,1.4894872298839719
2212.25,0.538,1.729,0.018,1.2380176075474534
2212.25,0.584,1.786,0.018,1.243045422676989
2212.26,0.51,1.75,0.018,1.1615465054695435
2212.26,0.528,1.701,0.016,1.3391449286730865
2212.28,0.545,1.501,0.017,1.048586083423498
2212.29,0.589,1.809,0.016,1.3619996997015518
2212.3,0.545,1.751,0.016,1.4790853045729737
2212.32,0.581,1.744,0.018,1.0404411807013159
2212.32,0.52,1.743,0.017,1.005725197440137
2212.33,0.593,1.955,0.015,1.2982000990784592
2212.35,0.555,1.532,0.018,1.1354604898619987
2212.36,0.571,1.887,0.015,1.3971564525627156
2212.36,0.595,1.548,0.018,1.3033865675050533
2212.39,0.599,1.72,0.017,1.4999929364394122
2212.39,0.592,1.963,0.017,1.3857737503986571
2212.39,0.568,1.92,0.019,1.4215598443661608
2212.4,0.56,1.514,0.017,1.1369897787724959
2212.41,0.515,1.833,0.017,1.3327569728679582
2212.42,0.523,1.703,0.015,1.489462219944996
2212.42,0.522,1.537,0.017,1.2637445510745033
2212.42,0.586,1.928,0.017,1.1436352310304594
2212.42,0.587,1.803,0.017,1.4410809194978451
2212.42,0.509,1.94,0.017,1.1868569981609822
2212.42,0.536,1.987,0.017,1.1184834466569908
2212.43,0.546,1.754,0.016,1.0678887316949748
2212.43,0.589,1.582,0.019,1.4759634090130476
2212.43,0.598,1.761,0.015,1.3178815286630767
2212.44,0.566,1.916,0.017,1.1016412561673277
2212.45,0.581,1.712,0.017,1.413519915396786
2212.47,0.51,1.538,0.016,1.1710990614817811
2212.47,0.588,1.916,0.016,1.431813475721449
2212.48,0.573,1.817,0.018,1.0576080184931276
2212.48,0.592,1.69,0.018,1.2101773652515648
2212.48,0.593,1.918,0.019,1.3743256949610936
2212.49,0.591,1.649,0.019,1.0891752200015552
2212.49,0.557,1.757,0.015,1.3000438090901192
2212.49,0.597,1.981,0.018,1.1458917321268438
2212.5,0.585,1.587,0.017,1.2942130802370029
2212.5,0.54,1.554,0.019,1.0039808500825986
2212.52,0.525,1.582,0.017,1.203766671902494
2212.53,0.55,1.939,0.018,1.0615209713124056
2212.53,0.501,1.772,0.016,1.091448007231085
2212.54,0.519,1.717,0.015,1.3935967084990075
2212.54,0.533,1.977,0.019,1.4353283788992246
2212.54,0.518,1.915,0.016,1.0090554354167585
2212.55,0.591,1.825,0.016,1.1870028656511522
2212.55,0.571,1.629,0.018,1.222650702556697
2212.56,0.522,1.66,0.017,1.1173920480175497
2212.57,0.546,1.997,0.019,1.4906133850593684
2212.57,0.567,1.509,0.017,1.0866171898373809
2212.58,0.518,1.715,0.019,1.0062940399692943
2212.58,0.564,1.623,0.015,1.2187454834744527
2212.59,0.522,1.767,0.019,1.0013373235593712
2212.59,0.562,1.579,0.018,1.3997675589804945
2212.61,0.529,1.572,0.015,1.2811190144798426
2212.61,0.531,1.6,0.017,1.0860829812913608
2212.61,0.589,1.632,0.019,1.180428016285755
2212.62,0.554,1.577,0.016,1.2929436423634844
2212.62,0.52,1.82,0.017,1.4057475102399688
2212.64,0.515,1.769,0.017,1.3389374128445417
2212.64,0.523,1.882,0.015,1.43977574422542
2212.65,0.586,1.907,0.016,1.4991590517471427
2212.66,0.591,1.564,0.017,1.3275838279759669
2212.66,0.573,1.598,0.016,1.0685583639384972
2212.66,0.598,1.917,0.019,1.4762246075446817
2212.66,0.546,1.868,0.016,1.4130357108416645
2212.67,0.597,1.558,0.016,1.1289459732397085
2212.67,0.529,1.85,0.019,1.3611566598600189
2212.67,0.57,1.709,0.018,1.0476409064215375
2212.68,0.534,1.875,0.018,1.4215995118749554
2212.68,0.528,1.65,0.017,1.3157724419643817
2212.68,0.562,1.871,0.015,1.2954238675207423
2212.68,0.503,1.864,0.016,1.1290698262697916
2212.68,0.547,1.988,0.018,1.2032395177918351
2212.69,0.591,1.606,0.017,1.2388536465278588
2212.69,0.545,1.64,0.019,1.120381217138101
2212.69,0.538,1.543,0.019,1.4662947426926771
2212.69,0.546,1.924,0.017,1.4698823504817775
2212.7,0.592,1.997,0.018,1.2619321937635388
2212.7,0.518,1.805,0.017,1.4864221131487607
2212.7,0.572,1.516,0.017,1.0237731415144757
2212.71,0.513,1.994,0.015,1.4485251321383383
2212.71,0.545,1.686,0.017,1.2726283000780256
2212.71,0.529,1.9,0.015,1.4176527959141285
2212.71,0.553,1.592,0.018,1.30609712993032
2212.71,0.544,1.861,0.017,1.100784643162771
2212.71,0.506,1.655,0.019,1.0855590045892671
2212.72,0.593,1.806,0.016,1.3420271632129324
2212.73,0.509,1.91,0.015,1.1632406222252623
2212.73,0.538,1.593,0.016,1.2674012394647174
2212.73,0.573,1.807,0.019,1.4470708518803022
2212.73,0.56,1.569,0.016,1.018979012682664
2212.73,0.526,1.878,0.018,1.3920590478003785
2212.73,0.509,1.709,0.019,1.4234839489619548
2212.74,0.59,1.994,0.015,1.342137985882347
2212.74,0.583,1.807,0.018,1.1452782399347399
2212.75,0.507,1.739,0.018,1.1545620893137856
2212.75,0.572,1.789,0.016,1.2296718872111823
2212.75,0.504,1.695,0.016,1.0332335150126353
2212.76,0.569,1.733,0.019,1.3777094692214087
2212.76,0.501,1.748,0.019,1.2176651486676549
2212.77,0.521,1.894,0.018,1.276456767277267
2212.77,0.527,1.847,0.018,1.4685487184370685
2212.78,0.597,1.692,0.017,1.1344041244209433
2212.78,0.54,1.883,0.017,1.3605382889392266
2212.79,0.595,1.818,0.015,1.0263820998804682
2212.8,0.531,1.612,0.015,1.0387079629894196
2212.8,0.592,1.927,0.015,1.03060276409853
2212.8,0.588,1.511,0.016,1.1907397897811767
2212.81,0.566,1.588,0.018,1.0807539620216577
2212.82,0.577,1.659,0.015,1.0119336790477285
2212.84,0.526,1.691,0.016,1.3693343516353678
2212.85,0.571,1.878,0.016,1.1965386525673658
2212.87,0.512,1.509,0.016,1.2256281509756985
2212.88,0.539,1.962,0.017,1.4149828049202022
2212.9,0.591,1.783,0.019,1.1561048865030685
2212.9,0.539,1.83,0.016,1.3948806307287287
2212.91,0.546,1.524,0.015,1.4946336352362328
2212.91,0.517,1.622,0.016,1.0886894906388918
2212.91,0.537,1.545,0.018,1.2435228704596122
2212.91,0.542,1.959,0.019,1.2350464456338286
2212.92,0.501,1.68,0.018,1.4017250288603447
2212.92,0.548,1.86,0.019,1.3339216912822969
2212.92,0.563,1.55,0.016,1.19861362419337
2212.92,0.5,1.819,0.017,1.2150853397422638
2212.93,0.55,1.955,0.016,1.1829991036911718
2212.93,0.514,1.827,0.017,1.035476136951854
2212.93,0.585,1.868,0.016,1.0309171791822664
2212.94,0.51,1.673,0.016,1.4146557995423006
2212.94,0.538,1.915,0.015,1.3721497961201452
2212.95,0.587,1.652,0.015,1.3589263606800444
2212.95,0.585,1.534,0.018,1.3906852284382765
2212.95,0.504,1.518,0.019,1.133507662566211
2212.95,0.501,1.533,0.015,1.4127461407756468
2212.96,0.526,1.606,0.018,1.0152989965490389
2212.96,0.584,1.876,0.018,1.46003839684783
2212.97,0.51,1.806,0.015,1.2998187822903169
2212.97,0.529,1.798,0.017,1.0748402598985756
2212.98,0.546,1.755,0.018,1.1764336234753467
2212.98,0.564,1.503,0.016,1.4270621357979252
2212.98,0.565,1.732,0.019,1.188293174273978
2212.99,0.554,1.931,0.015,1.4024064713995772
2212.99,0.533,1.672,0.019,1.2868403348737092
2213.0,0.55,1.813,0.017,1.1797696566031857
2213.0,0.585,1.604,0.018,1.1606619112341643
2213.01,0.579,1.577,0.018,1.4078079790114257
2213.01,0.535,1.766,0.019,1.2888434187198603
2213.02,0.589,1.844,0.016,1.215488388423027
2213.02,0.587,1.936,0.017,1.4112405184094188
2213.04,0.518,1.513,0.016,1.0268689276891878
2213.04,0.51,1.711,0.015,1.015669670910887
2213.04,0.516,1.754,0.019,1.3195601515486264
2213.04,0.577,1.722,0.018,1.2258228584555328
2213.05,0.576,1.653,0.015,1.4483013386938977
2213.05,0.504,1.88,0.016,1.3418113492452908
2213.06,0.584,1.556,0.015,1.3229676391054515
2213.06,0.546,1.889,0.019,1.3051131584648188
2213.06,0.573,1.949,0.018,1.0456957555362014
2213.07,0.545,1.665,0.018,1.0748035577145307
2213.07,0.531,1.779,0.019,1.0298663987723664
2213.09,0.509,1.629,0.018,1.4513265839505705
2213.1,0.572,1.544,0.019,1.4484026198604834
2213.1,0.501,1.862,0.019,1.1227896453581443
2213.11,0.574,1.894,0.017,1.103111126971418
2213.11,0.541,1.988,0.018,1.4866749105282409
2213.13,0.542,1.687,0.016,1.358465347071912
2213.13,0.553,1.66,0.016,1.383179344979335
2213.14,0.552,1.757,0.015,1.3723400247624538
2213.14,0.526,1.608,0.017,1.11927633951542
2213.16,0.532,1.9,0.015,1.0318822709589837
2213.16,0.5,1.524,0.018,1.3893300941308329
2213.17,0.552,1.925,0.016,1.0206678716085344
2213.17,0.599,1.529,0.018,1.0428988988486345
2213.17,0.539,1.541,0.019,1.2048574997306583
2213.17,0.541,1.638,0.019,1.1036355308093475
2213.19,0.58,1.788,0.018,1.4416517909906372
2213.19,0.583,1.748,0.015,1.1743952014336612
2213.2,0.587,1.538,0.017,1.0327717483651326
2213.2,0.501,1.673,0.017,1.0568071865915105
2213.2,0.524,1.975,0.019,1.0605712687463622
2213.21,0.557,1.712,0.017,1.4456685479083182
2213.21,0.562,1.509,0.017,1.271558164039743
2213.21,0.585,1.5,0.017,1.139847148556587
2213.23,0.577,1.938,0.018,1.412120562168889
2213.23,0.55,1.732,0.018,1.4460048543344857
2213.23,0.535,1.937,0.019,1.4031980215351314
2213.23,0.594,1.799,0.015,1.2785223620829658
2213.24,0.531,1.849,0.017,1.234566342408092
2213.24,0.587,1.781,0.015,1.407966456086061
2213.26,0.576,1.854,0.017,1.2331230489244327
2213.27,0.539,1.565,0.015,1.4429606052606962
2213.27,0.551,1.819,0.015,1.16038520662953
2213.27,0.591,1.57,0.018,1.1094774607991083
2213.28,0.513,1.509,0.015,1.3415047611285504
2213.29,0.595,1.831,0.015,1.035580250423739
2213.3,0.529,1.935,0.016,1.2075178238707829
2213.32,0.561,1.8,0.017,1.1306776966773708
2213.32,0.516,1.698,0.015,1.2018368567870619
2213.33,0.554,1.579,0.015,1.2621811858053078
2213.33,0.52,1.531,0.018,1.0048499111485456
2213.33,0.583,1.963,0.015,1.1688169999854834
2213.34,0.589,1.595,0.015,1.0569657950920432
2213.34,0.553,1.947,0.017,1.0912883691650415
2213.35,0.522,1.885,0.018,1.4973210047341827
2213.36,0.529,1.861,0.018,1.4930580255065977
2213.36,0.5,1.889,0.018,1.0607910320929492
2213.36,0.558,1.944,0.017,1.0501508060079747
2213.36,0.517,1.881,0.016,1.2909658533251103
2213.37,0.529,1.993,0.018,1.3683558564118707
2213.38,0.5,1.857,0.015,1.2726659950337331
2213.38,0.531,1.866,0.016,1.2470340706666576
2213.39,0.522,1.793,0.019,1.4514282588527685
2213.39,0.502,1.858,0.017,1.0971393060981827
2213.4,0.596,1.917,0.017,1.3220813660460065
2213.41,0.537,1.943,0.019,1.144978556429272
2213.41,0.537,1.927,0.016,1.1444470397008677
2213.42,0.56,1.704,0.017,1.0165789874545588
2213.43,0.594,1.783,0.018,1.3786458903743812
2213.43,0.501,1.767,0.018,1.1304262954292803
2213.44,0.563,1.638,0.018,1.3630787546674539
2213.44,0.595,1.931,0.019,1.0243732176442786
2213.45,0.537,1.568,0.016,1.2579737890202791
2213.47,0.587,1.806,0.018,1.4316216205853205
2213.47,0.515,1.621,0.017,1.3213213759936608
2213.47,0.572,1.556,0.015,1.3777571555042731
2213.49,0.586,1.849,0.017,1.2120795976375476
2213.49,0.53,1.605,0.018,1.0254194341912606
2213.5,0.558,1.535,0.019,1.3036505902243278
2213.5,0.566,1.642,0.018,1.063692579642333
2213.51,0.588,1.672,0.018,1.2493539829820772
2213.51,0.525,1.893,0.017,1.190991874400857
2213.51,0.595,1.712,0.016,1.0141572902426654
2213.51,0.529,1.728,0.016,1.4685590375576556
2213.52,0.505,1.837,0.016,1.1006006353687563
2213.53,0.527,1.716,0.015,1.069378178698569
2213.54,0.576,1.667,0.018,1.0218767860836644
2213.55,0.55,1.872,0.019,1.188859409593055
2213.55,0.53,1.953,0.017,1.3641315822536089
2213.55,0.548,1.587,0.016,1.144589309159603
2213.55,0.522,1.967,0.018,1.2470360093523154
2213.57,0.532,1.51,0.018,1.1566501191610188
2213.57,0.581,1.687,0.019,1.3889467622896796
2213.58,0.509,1.966,0.019,1.2529106224882824
2213.58,0.54,1.681,0.018,1.2672767410478292
2213.59,0.588,1.726,0.016,1.0776808312611108
2213.61,0.593,1.562,0.018,1.4879666741546673
2213.62,0.598,1.593,0.018,1.372359668270111
2213.62,0.535,1.864,0.015,1.2743617284915676
2213.62,0.528,1.81,0.019,1.2113682836176722
2213.63,0.522,1.634,0.016,1.2046215872709245
2213.63,0.565,1.619,0.018,1.4532716108509316
2213.64,0.586,1.679,0.018,1.4862103113934668
2213.65,0.525,1.613,0.018,1.015898200212609
2213.67,0.528,1.993,0.015,1.3865945050458746
2213.67,0.506,1.765,0.019,1.052722037658195
2213.67,0.58,1.944,0.016,1.0314637541606169
2213.68,0.519,1.598,0.019,1.1823470698371294
2213.69,0.517,1.918,0.017,1.24387679007725
2213.69,0.529,1.779,0.018,1.423721506455496
2213.69,0.549,1.708,0.015,1.332402359910593
2213.7,0.507,1.741,0.015,1.4589642701946186
2213.7,0.507,1.901,0.015,1.1557732523271262
2213.72,0.599,1.956,0.016,1.3570017124535172
2213.72,0.541,1.937,0.015,1.0269505034198698
2213.72,0.591,1.999,0.017,1.4552712416811817
2213.73,0.577,1.563,0.017,1.37917523785634
2213.73,0.502,1.58,0.016,1.1400529889479685
2213.74,0.565,1.597,0.018,1.3060518010618591
2213.76,0.553,1.789,0.015,1.0526740471740643
2213.76,0.507,1.539,0.017,1.073001702204444
2213.77,0.51,1.613,0.018,1.1660796399871973
2213.77,0.514,1.563,0.018,1.1997592403313107
2213.78,0.599,1.965,0.017,1.0792929078602538
2213.78,0.512,1.94,0.015,1.140580221586917
2213.78,0.573,1.642,0.019,1.4695093962957368
2213.78,0.506,1.685,0.016,1.4331882813958359
2213.78,0.518,1.515,0.017,1.2656743973530664
2213.79,0.549,1.609,0.017,1.3650600293802135
2213.79,0.563,1.856,0.016,1.0305407355773584
2213.8,0.514,1.576,0.018,1.198822482893667
2213.81,0.573,1.503,0.018,1.2224847873204348
2213.83,0.576,1.529,0.016,1.2046874282746813
2213.84,0.518,1.607,0.015,1.1062861590531288
2213.88,0.558,1.985,0.017,1.4929978181171148
2213.88,0.509,1.876,0.016,1.0643847503939718
2213.88,0.585,1.522,0.017,1.2890389100415585
2213.89,0.584,1.618,0.017,1.0958440538776435
2213.89,0.585,1.995,0.015,1.454904725349273
2213.9,0.558,1.864,0.016,1.179303369075872
2213.91,0.528,1.63,0.019,1.3690171063251233
2213.92,0.585,1.793,0.017,1.309738567655197
2213.93,0.568,1.933,0.015,1.3364741158753977
2213.93,0.557,1.627,0.016,1.4404713539576761
2213.95,0.593,1.863,0.019,1.0645427737014552
2213.96,0.525,1.635,0.019,1.3146222011793194
2213.97,0.527,1.678,0.019,1.1054221026728999
2213.97,0.542,1.998,0.017,1.1647154864518925
2213.99,0.546,1.962,0.016,1.4557405498872722
2213.99,0.578,1.641,0.019,1.487146420076953
2213.99,0.518,1.631,0.018,1.0386079533929564
2213.99,0.572,1.593,0.019,1.3232899710874961
2214.0,0.502,1.633,0.015,1.1130816694319081
2214.0,0.589,1.686,0.016,1.3340525982725697
2214.0,0.533,1.908,0.015,1.0696575799101329
2214.0,0.537,1.601,0.016,1.4349714041413004
2214.01,0.597,1.581,0.015,1.4998275641488408
2214.01,0.592,1.519,0.017,1.2344761552676147
2214.01,0.545,1.926,0.019,1.3903460706205193
2214.02,0.563,1.594,0.018,1.1097207311973425
2214.03,0.549,1.614,0.019,1.0647505965422088
2214.05,0.518,1.852,0.017,1.296144672757106
2214.05,0.541,1.832,0.018,1.4141184028394655
2214.06,0.557,1.955,0.015,1.2571185834431473
2214.06,0.574,1.711,0.018,1.0871478654044338
2214.06,0.576,1.858,0.016,1.4644393069057402
2214.07,0.562,1.908,0.017,1.140354706669564
2214.08,0.503,1.825,0.018,1.2432550193007623
2214.08,0.568,1.802,0.017,1.3498291041381825
2214.08,0.597,1.993,0.015,1.4106116932990778
2214.09,0.56,1.841,0.016,1.1681216807455057
2214.1,0.503,1.635,0.017,1.2997928206742444
2214.1,0.52,1.97,0.017,1.3719458918902017
2214.11,0.581,1.803,0.015,1.352274347300844
2214.13,0.514,1.695,0.016,1.3993321939889758
2214.13,0.534,1.915,0.016,1.0249986475334134
2214.14,0.547,1.943,0.016,1.3134545371648882
2214.15,0.552,1.862,0.016,1.115334160616345
2214.18,0.512,1.835,0.015,1.4535559886772895
2214.18,0.509,1.982,0.018,1.1989251876681262
2214.19,0.523,1.587,0.016,1.4165326408372871
2214.19,0.521,1.575,0.015,1.005471295207357
2214.2,0.554,1.536,0.015,1.3832002441205722
2214.2,0.506,1.507,0.016,1.4670935812927448
2214.21,0.558,1.53,0.015,1.0048328706937557
2214.22,0.581,1.647,0.016,1.387360917602301
2214.24,0.597,1.946,0.016,1.1140678725549242
2214.25,0.506,1.684,0.019,1.041515250992866
2214.25,0.572,1.914,0.019,1.1882435724820772
2214.26,0.556,1.976,0.015,1.4643058285800998
2214.26,0.539,1.96,0.017,1.4695263185731733
2214.26,0.538,1.741,0.015,1.2773821619554853
2214.27,0.574,1.98,0.018,1.3137092632978744
2214.27,0.55,1.958,0.015,1.1709823465524534
2214.28,0.52,1.792,0.018,1.063478741230411
2214.28,0.588,1.51,0.017,1.3518687055532168
2214.3,0.527,1.656,0.015,1.045073768957979
2214.3,0.572,1.658,0.019,1.3246627911317956
2214.3,0.582,1.66,0.018,1.3348796275300585
2214.31,0.58,1.948,0.019,1.0455831666614306
2214.32,0.52,1.567,0.016,1.4442305118558698
2214.32,0.505,1.94,0.018,1.231104466973174
2214.33,0.504,1.641,0.015,1.0295359594813047
2214.34,0.558,1.768,0.017,1.0144941242798744
2214.34,0.528,1.824,0.015,1.4624391299324273
2214.34,0.525,1.876,0.016,1.2071785755456543
2214.34,0.587,1.561,0.019,1.3794743837122554
2214.34,0.587,1.595,0.016,1.436567836742507
2214.35,0.566,1.578,0.015,1.4833328348540884
2214.36,0.566,1.913,0.018,1.3340710001160345
2214.36,0.514,1.728,0.018,1.0697921358215878
2214.37,0.524,1.777,0.018,1.3056591096753796
2214.37,0.56,1.613,0.019,1.2162018826567191
2214.37,0.534,1.962,0.017,1.3717727945276454
2214.38,0.59,1.715,0.018,1.2005886347183763
2214.38,0.512,1.861,0.015,1.1334919940453876
2214.38,0.545,1.843,0.018,1.1070810682175407
2214.39,0.569,1.763,0.015,1.060427802718159
2214.39,0.525,1.736,0.015,1.2095592523094725
2214.39,0.555,1.682,0.016,1.293497256333879
2214.39,0.597,1.647,0.019,1.3115735225569694
2214.39,0.563,1.689,0.019,1.224787835813938
2214.4,0.519,1.961,0.015,1.1966704928082463
2214.41,0.58,1.616,0.018,1.042836862543211
2214.41,0.506,1.715,0.016,1.1461070510349647
2214.41,0.52,1.545,0.016,1.3459239261118512
2214.43,0.581,1.739,0.019,1.2011049957534927
2214.44,0.556,1.733,0.018,1.4667961731266292
2214.44,0.517,1.58,0.015,1.0509033921570625
2214.44,0.507,1.957,0.017,1.4068887267614734
2214.45,0.508,1.532,0.018,1.3277163898038438
2214.45,0.512,1.636,0.018,1.3687384325395713
2214.46,0.544,1.799,0.017,1.1283741390140183
2214.46,0.537,1.845,0.018,1.184939491047712
2214.49,0.525,1.75,0.019,1.0310369713963676
2214.5,0.588,1.643,0.016,1.2888331479586739
2214.5,0.54,1.789,0.018,1.4823447387110074
2214.51,0.589,1.554,0.016,1.0617121584117295
2214.51,0.585,1.507,0.017,1.0179828988929893
2214.52,0.514,1.585,0.017,1.1640196660824604
2214.53,0.549,1.6,0.019,1.1044727949145352
2214.53,0.569,1.61,0.019,1.4550525924285753
2214.54,0.556,1.533,0.018,1.2447979337933774
2214.54,0.53,1.552,0.019,1.1946695380037204
2214.55,0.571,1.574,0.017,1.1936937076647387
2214.55,0.54,1.707,0.018,1.040918336215265
2214.56,0.577,1.634,0.015,1.1169483981758266
2214.57,0.579,1.685,0.016,1.3671358827018194
2214.57,0.513,1.619,0.019,1.3025100877931899
2214.57,0.539,1.553,0.015,1.297407266172503
2214.58,0.51,1.585,0.015,1.298001267421872
2214.59,0.591,1.782,0.019,1.2652500195918674
2214.6,0.511,1.582,0.015,1.4013162870718792
2214.6,0.5,1.619,0.019,1.0307393458051233
2214.61,0.529,1.561,0.017,1.1294842995785204
2214.62,0.586,1.819,0.017,1.3796652037272346
2214.62,0.509,1.594,0.016,1.213293102382987
2214.62,0.542,1.61,0.015,1.2083994624924788
2214.62,0.574,1.685,0.019,1.4026446266631005
2214.63,0.563,1.874,0.017,1.2861926385006568
2214.64,0.506,1.789,0.017,1.2790737143928794
2214.65,0.509,1.917,0.018,1.2273021517773046
2214.65,0.585,1.92,0.018,1.4904208649725863
2214.67,0.501,1.628,0.019,1.2777765654402364
2214.67,0.555,1.987,0.016,1.1383595697137594
2214.67,0.587,1.51,0.019,1.4140245395706275
2214.68,0.569,1.663,0.016,1.2349065180219845
2214.68,0.533,1.68,0.018,1.4007976227812984
2214.68,0.56,1.88,0.016,1.1021627246473005
2214.68,0.536,1.524,0.018,1.0893801627576347
2214.68,0.579,1.881,0.018,1.3927773344718914
2214.69,0.51,1.947,0.018,1.0307836043010945
2214.69,0.572,1.896,0.015,1.3768384688333102
2214.69,0.598,1.549,0.016,1.1975986754067165
2214.69,0.585,1.721,0.016,1.3114247632028286
2214.69,0.587,1.701,0.019,1.2566126780731273
2214.72,0.587,1.816,0.016,1.0664716127272866
2214.72,0.503,1.899,0.019,1.4588374974346339
2214.72,0.52,1.659,0.018,1.238974607885299
2214.72,0.515,1.763,0.016,1.419668193512473
2214.73,0.566,1.56,0.018,1.28809502796984
2214.73,0.505,1.715,0.017,1.4269263451201208
2214.73,0.532,1.521,0.016,1.323239412165425
2214.74,0.512,1.743,0.019,1.1441817756202848
2214.75,0.557,1.853,0.017,1.0544583165124384
2214.75,0.506,1.87,0.016,1.4750566984631153
2214.75,0.583,1.729,0.019,1.3983456186740655
2214.76,0.566,1.55,0.019,1.296656323347233
2214.76,0.52,1.696,0.018,1.2225409801753286
2214.77,0.566,1.833,0.015,1.1357790049657637
2214.78,0.511,1.628,0.017,1.3543930435866267
2214.78,0.54,1.563,0.016,1.0053218507897246
2214.78,0.544,1.702,0.015,1.4226549139903226
2214.78,0.578,1.57,0.015,1.0431603509433167
2214.78,0.573,1.766,0.019,1.4106056851672026
2214.78,0.573,1.551,0.018,1.1410268646643145
2214.78,0.565,1.969,0.018,1.1475558142908358
2214.78,0.554,1.866,0.018,1.2527777238175386
2214.79,0.534,1.944,0.016,1.438613185729531
2214.79,0.524,1.684,0.019,1.4789297343371666
2214.8,0.595,1.746,0.019,1.1359860831032402
2214.82,0.563,1.628,0.015,1.2416041628882217
2214.82,0.598,1.639,0.018,1.3806010363311105
2214.82,0.547,1.538,0.018,1.063736621995962
2214.83,0.584,1.556,0.016,1.0719643959282337
2214.83,0.501,1.784,0.018,1.1008101760455897
2214.84,0.539,1.528,0.019,1.4764432961643066
2214.84,0.546,1.645,0.018,1.1625509149452617
2214.85,0.557,1.896,0.017,1.0260642247126988
2214.85,0.561,1.971,0.019,1.3770277084125038
2214.85,0.507,1.839,0.015,1.1996051969839603
2214.86,0.535,1.502,0.017,1.2640182588489521
2214.87,0.581,1.611,0.016,1.2738412558915437
2214.87,0.51,1.695,0.016,1.043728082729779
2214.88,0.522,1.754,0.018,1.0362479103877398
2214.89,0.593,1.686,0.016,1.334206857479401
2214.89,0.568,1.997,0.018,1.3785428704541745
2214.9,0.547,1.591,0.017,1.0446054236859887
2214.9,0.579,1.782,0.019,1.0479069983128402
2214.9,0.525,1.825,0.019,1.3460654360177888
2214.91,0.574,1.645,0.019,1.1544884965300135
2214.91,0.584,1.815,0.015,1.359398337729411
2214.91,0.564,1.77,0.016,1.0292631495018298
2214.92,0.593,1.632,0.018,1.0444834123360587
2214.92,0.587,1.968,0.015,1.2488201304343058
2214.93,0.571,1.547,0.017,1.4586384782299808
2214.95,0.536,1.671,0.019,1.420767166190348
2214.95,0.588,1.964,0.016,1.0449792930009025
2214.95,0.549,1.62,0.015,1.2448107762435763
2214.96,0.548,1.679,0.018,1.198273899098839
2214.99,0.596,1.699,0.017,1.2978873560228732
2215.01,0.502,1.84,0.015,1.1882194506407275
2215.01,0.517,1.513,0.017,1.0450644940612024
2215.01,0.509,1.843,0.019,1.2782589579971382
2215.02,0.548,1.794,0.016,1.0147129105038997
2215.02,0.508,1.925,0.017,1.4077302482444825
2215.02,0.506,1.851,0.019,1.1171191149272937
2215.03,0.534,1.514,0.017,1.0682339790560276
2215.04,0.514,1.818,0.017,1.0619892425583701
2215.04,0.594,1.535,0.015,1.4164158293291345
2215.04,0.524,1.669,0.018,1.4544966248638311
2215.04,0.551,1.748,0.015,1.065545862371257
2215.06,0.596,1.621,0.016,1.2813819064145127
2215.06,0.579,1.787,0.019,1.3203144762659411
2215.06,0.576,1.559,0.015,1.4667080895424316
2215.07,0.547,1.74,0.017,1.2911838537119493
2215.07,0.522,1.58,0.016,1.3479693016857421
2215.09,0.518,1.908,0.016,1.176093615812176
2215.1,0.532,1.562,0.015,1.149795297513269
2215.1,0.537,1.923,0.017,1.189961276935814
2215.1,0.508,1.611,0.019,1.034112296590302
2215.11,0.537,1.704,0.019,1.4673121689565365
2215.12,0.542,1.721,0.019,1.4753843036180463
2215.12,0.503,1.823,0.015,1.3045054203858855
2215.12,0.567,1.674,0.016,1.4232320564825525
2215.13,0.527,1.752,0.015,1.4208526964749952
2215.13,0.508,1.652,0.017,1.494624616086936
2215.13,0.514,1.689,0.016,1.3327168068771151
2215.14,0.542,1.84,0.016,1.3762067658938273
2215.15,0.58,1.861,0.019,1.141167090121028
2215.15,0.507,1.653,0.018,1.3287875963953961
2215.15,0.572,1.861,0.017,1.1075472182753514
2215.16,0.574,1.714,0.015,1.0923119877841212
2215.16,0.542,1.657,0.017,1.2967250417108085
2215.17,0.595,1.78,0.015,1.08811737077334
2215.17,0.585,1.621,0.019,1.0344772716505304
2215.17,0.57,1.939,0.017,1.3002440350424038
2215.19,0.595,1.687,0.019,1.2420040671323385
2215.19,0.557,1.762,0.018,1.0716072341909555
2215.19,0.559,1.939,0.016,1.3747930321730726
2215.19,0.528,1.514,0.015,1.3722532778309056
2215.2,0.504,1.856,0.019,1.2669616673609267
2215.2,0.511,1.994,0.019,1.477020510485643
2215.21,0.575,1.949,0.015,1.326196248048244
2215.21,0.501,1.582,0.016,1.087729811348246
2215.21,0.538,1.716,0.019,1.03445776894743
2215.22,0.582,1.632,0.018,1.3915220408367546
2215.24,0.503,1.947,0.016,1.251056999310701
2215.24,0.54,1.815,0.019,1.4312034419408275
2215.25,0.54,1.719,0.019,1.1454575151249227
2215.25,0.541,1.772,0.017,1.202240564554639
2215.27,0.545,1.701,0.015,1.2966117521301341
2215.27,0.501,1.909,0.016,1.3037999171036028
2215.28,0.574,1.577,0.016,1.3926652080258055
2215.31,0.585,1.774,0.019,1.3904324977600229
2215.31,0.516,1.594,0.017,1.3748882198662264
2215.31,0.502,1.826,0.018,1.2940194610125224
2215.32,0.506,1.602,0.016,1.2880183401069005
2215.32,0.534,1.565,0.016,1.0323336415602797
2215.33,0.545,1.743,0.015,1.4070978669592953
2215.33,0.511,1.529,0.019,1.4445755244803842
2215.35,0.586,1.93,0.018,1.470224521048503
2215.35,0.541,1.808,0.015,1.4553115090006439
2215.37,0.546,1.861,0.016,1.1242508308085957
2215.37,0.585,1.547,0.015,1.4515521950551575
2215.38,0.545,1.955,0.018,1.2097253311101717
2215.38,0.506,1.885,0.016,1.0945634537291875
2215.39,0.563,1.923,0.018,1.0493833067677731
2215.4,0.588,1.513,0.018,1.330510973172732
2215.41,0.52,1.645,0.015,1.4522049531548342
2215.42,0.515,1.971,0.019,1.0152354739183522
2215.43,0.56,1.828,0.019,1.279271287052583
2215.43,0.555,1.995,0.019,1.179318526616571
2215.43,0.589,1.855,0.018,1.2873847416982946
2215.44,0.569,1.596,0.017,1.065481632398262
2215.45,0.583,1.861,0.016,1.4708591690850676
2215.46,0.595,1.617,0.018,1.319158502929918
2215.46,0.568,1.599,0.018,1.1313481405778298
2215.46,0.583,1.76,0.016,1.07358159560986
2215.47,0.547,1.812,0.018,1.3386449535581664
2215.47,0.588,1.867,0.015,1.2243989496393222
2215.47,0.565,1.657,0.015,1.034640482923658
2215.47,0.565,1.685,0.018,1.2698097874582794
2215.48,0.578,1.703,0.016,1.4181153903875618
2215.49,0.516,1.826,0.015,1.2686031592500746
2215.49,0.5,1.564,0.016,1.2550767725642331
2215.49,0.575,1.955,0.015,1.4235900521302811
2215.5,0.542,1.938,0.017,1.100103828598985
2215.52,0.502,1.568,0.016,1.4349172630843252
2215.52,0.527,1.55,0.015,1.3297544148529767
2215.52,0.587,1.776,0.019,1.378347324845254
2215.53,0.515,1.549,0.015,1.308812554068425
2215.53,0.56,1.71,0.016,1.3417180729860498
2215.54,0.565,1.57,0.018,1.100664434234622
2215.54,0.538,1.941,0.019,1.3426723345060658
2215.54,0.584,1.799,0.017,1.149487062477041
2215.55,0.558,1.785,0.015,1.1567228733198203
2215.55,0.524,1.509,0.016,1.2170985818088305
2215.55,0.536,1.577,0.018,1.0439430688843403
2215.55,0.586,1.943,0.017,1.0982971135267874
2215.56,0.597,1.679,0.019,1.1762248898555048
2215.58,0.563,1.534,0.015,1.0394730521746145
2215.58,0.577,1.682,0.018,1.178047536197157
2215.58,0.591,1.897,0.015,1.094653073535043
2215.6,0.571,1.657,0.015,1.1102479411581205
2215.6,0.562,1.781,0.019,1.009126566885166
2215.61,0.513,1.882,0.018,1.1892620797228166
2215.61,0.511,1.768,0.018,1.2981545743184917
2215.62,0.51,1.626,0.016,1.067157070344531
2215.62,0.522,1.754,0.015,1.4899549045269471
2215.63,0.573,1.96,0.017,1.2654472606029026
2215.63,0.552,1.512,0.019,1.2904730675607508
2215.63,0.552,1.864,0.015,1.2668727214180082
2215.64,0.58,1.962,0.016,1.3017303640522204
2215.64,0.562,1.611,0.019,1.2559252014598747
2215.65,0.517,1.829,0.015,1.356050172242832
2215.66,0.523,1.818,0.018,1.3448551959074817
2215.66,0.596,1.578,0.016,1.168012059750319
2215.66,0.563,1.97,0.019,1.0308247730673683
2215.66,0.564,1.878,0.015,1.0561929595383979
2215.66,0.527,1.802,0.017,1.2243905939355155
2215.66,0.579,1.891,0.015,1.2784881005122697
2215.67,0.524,1.902,0.018,1.0176403814208055
2215.67,0.596,1.69,0.015,1.1323761434202753
2215.67,0.574,1.641,0.017,1.3095550306324877
2215.68,0.555,1.577,0.019,1.264322465776411
2215.69,0.593,1.905,0.015,1.4531882718991809
2215.69,0.529,1.907,0.017,1.0284177658994091
2215.71,0.541,1.859,0.015,1.221585146670705
2215.73,0.52,1.707,0.018,1.4379875775040827
2215.74,0.596,1.86,0.018,1.350558187631171
2215.74,0.52,1.915,0.016,1.3575690978872421
2215.75,0.573,1.71,0.018,1.1818039914144547
2215.76,0.549,1.504,0.015,1.193648168285418
2215.77,0.562,1.794,0.015,1.3801677242926933
2215.78,0.548,1.522,0.018,1.4342531202996307
2215.78,0.514,1.771,0.017,1.2913288475064637
2215.78,0.514,1.86,0.017,1.3758214175644654
2215.79,0.566,1.617,0.016,1.404716605269566
2215.79,0.528,1.621,0.016,1.0258197037052603
2215.79,0.573,1.721,0.017,1.3581995879817592
2215.79,0.571,1.635,0.016,1.13255838431694
2215.8,0.522,1.728,0.015,1.231172634552974
2215.8,0.596,1.558,0.018,1.1803451925611816
2215.8,0.589,1.599,0.016,1.0685882851716493
2215.81,0.528,1.781,0.016,1.2104453284261951
2215.82,0.507,1.781,0.019,1.3813020152507982
2215.82,0.53,1.789,0.019,1.1738352930648601
2215.82,0.586,1.654,0.019,1.2649297077669241
2215.83,0.519,1.607,0.017,1.3921033633346953
2215.83,0.525,1.775,0.019,1.4159838678125352
2215.84,0.568,1.643,0.018,1.0766612708900674
2215.84,0.546,1.573,0.018,1.3545337440879546
2215.84,0.51,1.725,0.018,1.4426994962183306
2215.85,0.549,1.888,0.015,1.3184676786751008
2215.85,0.575,1.678,0.018,1.4659399683937302
2215.86,0.543,1.813,0.018,1.2266363436618604
2215.86,0.52,1.831,0.015,1.184555867736354
2215.86,0.58,1.685,0.019,1.2809647826955421
2215.86,0.527,1.897,0.018,1.0357563025697325
2215.87,0.587,1.948,0.015,1.4636195722218064
2215.87,0.519,1.977,0.018,1.3727808787815543
2215.87,0.598,1.903,0.015,1.028009838379437
2215.87,0.503,1.833,0.017,1.254319757554344
2215.88,0.513,1.84,0.015,1.4134187957195177
2215.88,0.557,1.985,0.015,1.1463196994202969
2215.89,0.59,1.939,0.019,1.3182808654118714
2215.89,0.565,1.958,0.017,1.3633455502503993
2215.89,0.521,1.786,0.016,1.217934329989271
2215.89,0.521,1.857,0.016,1.1785894834160464
2215.9,0.579,1.861,0.018,1.3003929875516633
2215.9,0.582,1.752,0.016,1.3473804620395384
2215.9,0.5,1.633,0.016,1.3097381910729484
2215.91,0.55,1.684,0.016,1.0012611205662671
2215.91,0.524,1.895,0.017,1.493174124354538
2215.91,0.519,1.806,0.017,1.287175668236226
2215.92,0.589,1.834,0.017,1.1063182040813622
2215.92,0.565,1.705,0.019,1.3206849308602213
2215.93,0.502,1.93,0.019,1.2669588495028958
2215.94,0.531,1.843,0.015,1.0872785449581919
2215.94,0.592,1.827,0.016,1.1766563424669498
2215.95,0.576,1.64,0.015,1.2476035001727297
2215.96,0.588,1.514,0.017,1.3782980611773503
2215.96,0.514,1.834,0.019,1.394122891662509
2215.96,0.56,1.612,0.015,1.0128028906951172
2215.96,0.592,1.933,0.016,1.4964874341614336
2215.97,0.522,1.912,0.016,1.0342533363049171
2215.97,0.561,1.983,0.019,1.3074025836728937
2215.97,0.511,1.994,0.019,1.2294893553212454
2215.97,0.547,1.956,0.017,1.1829331137384784
2215.97,0.503,1.834,0.017,1.33739390776937
2215.97,0.581,1.532,0.015,1.353056422116541
2215.98,0.573,1.796,0.015,1.0148073697364839
2215.98,0.577,1.79,0.016,1.2247173176039259
2215.98,0.553,1.793,0.019,1.4104937649660523
2215.99,0.506,1.7,0.017,1.2009373438246906
2216.01,0.543,1.833,0.015,1.4770054462951536
2216.01,0.563,1.833,0.015,1.0131759208572018
2216.01,0.519,1.553,0.017,1.1152301593963918
2216.02,0.529,1.817,0.018,1.0124995429469552
2216.02,0.597,1.633,0.015,1.455281945129431
2216.02,0.593,1.956,0.019,1.192264166479292
2216.03,0.523,1.691,0.015,1.1138037306801138
2216.06,0.56,1.899,0.015,1.1806246317499265
2216.07,0.534,1.738,0.018,1.0589831860736307
2216.07,0.585,1.7,0.015,1.2860719763171813
2216.08,0.555,1.932,0.016,1.2231081932041463
2216.08,0.54,1.907,0.018,1.0863052530785346
2216.08,0.529,1.824,0.017,1.4312002993932444
2216.09,0.594,1.511,0.018,1.4105106312758329
2216.09,0.528,1.897,0.015,1.306777786752964
2216.1,0.524,1.784,0.018,1.3188466696577974
2216.11,0.563,1.896,0.018,1.1799189498359628
2216.11,0.536,1.836,0.019,1.3900406939571588
2216.11,0.516,1.795,0.019,1.0462624723253526
2216.14,0.546,1.625,0.017,1.0483493011421336
2216.15,0.559,1.688,0.019,1.4857843160797626
2216.16,0.502,1.806,0.015,1.1755742831519311
2216.16,0.573,1.518,0.017,1.0558981213758998
2216.16,0.52,1.515,0.017,1.1218467938381789
2216.17,0.51,1.799,0.018,1.205667997515303
2216.17,0.518,1.974,0.018,1.1859136724744288
2216.17,0.527,1.687,0.016,1.2362267988471238
2216.18,0.524,1.837,0.017,1.1543303411512114
2216.18,0.595,1.523,0.016,1.083140490733142
2216.18,0.592,1.942,0.015,1.3640744975629477
2216.19,0.587,1.779,0.016,1.395654623787992
2216.2,0.519,1.533,0.019,1.2681601307981838
2216.21,0.532,1.545,0.015,1.4381412876574762
2216.22,0.552,1.538,0.019,1.4601639249729796
2216.25,0.524,1.641,0.016,1.0448426423848913
2216.25,0.519,1.95,0.018,1.1094601737022338
2216.26,0.504,1.614,0.016,1.441179615068151
2216.27,0.544,1.687,0.016,1.1734728535203294
2216.28,0.593,1.938,0.015,1.4125003045648608
2216.28,0.526,1.916,0.017,1.1949421502710103
2216.29,0.525,1.648,0.019,1.0372999227769624
2216.29,0.538,1.933,0.017,1.1153719152993633
2216.29,0.556,1.708,0.018,1.1877239243047106
2216.29,0.542,1.581,0.017,1.1221468128114283
2216.29,0.564,1.897,0.018,1.345050719102767
2216.29,0.581,1.626,0.019,1.2353593871620077
2216.32,0.57,1.812,0.018,1.0564273479586093
2216.32,0.511,1.537,0.019,1.0505118750254023
2216.33,0.539,1.871,0.017,1.4428935576318809
2216.34,0.536,1.749,0.017,1.4242071956531688
2216.34,0.555,1.927,0.019,1.145295860335258
2216.35,0.567,1.814,0.017,1.060659921707762
2216.35,0.517,1.993,0.017,1.4225999168760075
2216.35,0.579,1.691,0.016,1.2475280894171734
2216.36,0.576,1.756,0.019,1.0663277155245319
2216.37,0.583,1.747,0.017,1.0238089425683876
2216.37,0.54,1.863,0.015,1.18978761317419
2216.37,0.538,1.742,0.016,1.3694962867234763
2216.37,0.548,1.538,0.019,1.4630909264844651
2216.39,0.583,1.952,0.015,1.3049081144282508
2216.4,0.528,1.817,0.017,1.2309627448634992
2216.4,0.589,1.823,0.018,1.3006528504523183
2216.4,0.585,1.646,0.016,1.2739639191490033
2216.4,0.59,1.865,0.017,1.3635566187774004
2216.42,0.59,1.756,0.019,1.2032662176212896
2216.42,0.551,1.502,0.017,1.4639200733545987
2216.42,0.578,1.973,0.017,1.1809266166587018
2216.43,0.583,1.593,0.017,1.3032840000677006
2216.43,0.507,1.957,0.017,1.2329535776636655
2216.44,0.525,1.579,0.016,1.2242343009436896
2216.45,0.534,1.82,0.018,1.0007428630925288
2216.45,0.538,1.987,0.017,1.1851435098777308
2216.45,0.563,1.615,0.017,1.110005637101458
2216.46,0.559,1.616,0.019,1.0363633947891453
2216.47,0.552,1.675,0.016,1.0485263497871335
2216.47,0.538,1.987,0.016,1.4819208045980699
2216.47,0.58,1.587,0.018,1.2799415466022415
2216.47,0.589,1.7,0.016,1.3205322897707155
2216.47,0.595,1.9,0.018,1.4642130886916025
2216.48,0.534,1.876,0.017,1.328888399688982
2216.48,0.507,1.994,0.019,1.3608230692351786
2216.49,0.555,1.878,0.015,1.2728533056126685
2216.5,0.565,1.971,0.018,1.1991847074298496
2216.5,0.533,1.761,0.016,1.1055666205945525
2216.5,0.533,1.585,0.018,1.181750444456592
2216.5,0.59,1.625,0.015,1.4307424239925104
2216.5,0.523,1.764,0.017,1.1168755415839182
2216.5,0.596,1.98,0.017,1.3681509477354719
2216.51,0.569,1.892,0.019,1.437002769171047
2216.51,0.54,1.568,0.016,1.4643449812917853
2216.52,0.563,1.549,0.019,1.1161377349638986
2216.52,0.566,1.947,0.017,1.4952320963386376
2216.53,0.561,1.95,0.015,1.3400500565650075
2216.53,0.551,1.668,0.019,1.398136452158567
2216.53,0.581,1.792,0.019,1.1830864287642182
2216.53,0.59,1.754,0.016,1.2184763024586511
2216.53,0.586,1.71,0.017,1.4254144433273959
2216.54,0.597,1.998,0.016,1.0160233561717429
2216.54,0.598,1.683,0.017,1.068083967806817
2216.55,0.597,1.922,0.017,1.4073686958959764
2216.55,0.52,1.883,0.018,1.3623343517120763
2216.55,0.569,1.634,0.015,1.318601493788572
2216.56,0.522,1.838,0.019,1.0302764135943208
2216.56,0.534,1.747,0.019,1.0289452306727724
2216.58,0.597,1.973,0.019,1.1348464088100634
2216.58,0.598,1.841,0.015,1.437463660392261
2216.58,0.508,1.883,0.018,1.4097484287730884
2216.58,0.53,1.601,0.015,1.4291555435058565
2216.59,0.518,1.897,0.016,1.032684410646918
2216.59,0.5,1.697,0.019,1.0395005409592288
2216.6,0.508,1.596,0.018,1.3939291776750367
2216.6,0.57,1.906,0.018,1.350006052707816
2216.6,0.58,1.507,0.016,1.0199883925894724
2216.61,0.591,1.733,0.017,1.1027972736745508
2216.61,0.566,1.74,0.015,1.1863812993756677
2216.61,0.588,1.725,0.017,1.1023596546709404
2216.61,0.586,1.831,0.015,1.4007748101703592
2216.62,0.553,1.517,0.017,1.231085536583115
2216.62,0.521,1.968,0.016,1.085828857460835
2216.63,0.518,1.794,0.016,1.0109760172736793
2216.63,0.546,1.822,0.017,1.163145886958388
2216.64,0.589,1.739,0.017,1.169733057205248
2216.66,0.507,1.935,0.016,1.2626554815366953
2216.69,0.585,1.547,0.016,1.2066369355482318
2216.7,0.521,1.72,0.018,1.4766670359801022
2216.71,0.555,1.646,0.019,1.3073690876937876
2216.72,0.544,1.884,0.015,1.1269454183701475
2216.72,0.58,1.645,0.016,1.2361386941640424
2216.73,0.538,1.607,0.019,1.0737431839915133
2216.73,0.557,1.775,0.015,1.028323095439194
2216.74,0.526,1.729,0.016,1.2790737168512685
2216.75,0.571,1.765,0.019,1.1707703633703175
2216.75,0.576,1.559,0.017,1.184457747612
2216.76,0.549,1.603,0.019,1.0634052449786886
2216.77,0.59,1.76,0.018,1.2386041939073142
2216.77,0.581,1.917,0.015,1.2390285938098486
2216.78,0.559,1.615,0.018,1.0832486323866337
2216.79,0.553,1.993,0.016,1.15294846006104
2216.79,0.568,1.793,0.015,1.3814379933530727
2216.81,0.513,1.993,0.017,1.2076488226382605
2216.81,0.536,1.815,0.017,1.4033986929797848
2216.82,0.511,1.54,0.015,1.1893951327262753
2216.82,0.55,1.741,0.018,1.0539600807649439
2216.83,0.55,1.937,0.016,1.4889198927922875
2216.83,0.584,1.65,0.016,1.4504849315963289
2216.83,0.535,1.759,0.019,1.298829577427847
2216.85,0.572,1.709,0.018,1.2806854279413822
2216.86,0.582,1.9,0.018,1.2996286195788735
2216.86,0.594,1.855,0.018,1.4889072169503703
2216.88,0.514,1.993,0.019,1.383286186065054
2216.88,0.596,1.5,0.016,1.097750536388585
2216.9,0.536,1.527,0.015,1.3292130945049048
2216.9,0.585,1.594,0.018,1.2114780057984262
2216.9,0.541,1.826,0.017,1.176369822929505
2216.9,0.53,1.759,0.019,1.1006644107860482
2216.91,0.568,1.915,0.016,1.162464594632887
2216.92,0.543,1.973,0.017,1.2226941683745214
2216.92,0.541,1.809,0.019,1.0176685169969917
2216.92,0.587,1.829,0.017,1.1904552744034997
2216.93,0.576,1.685,0.018,1.33982295680223
2216.93,0.552,1.968,0.015,1.3838327103032189
2216.93,0.594,1.714,0.017,1.0466483489644072
2216.93,0.55,1.823,0.018,1.4706373374831558
2216.95,0.526,1.516,0.016,1.246292822177509
2216.95,0.573,1.951,0.019,1.3819480355384461
2216.95,0.553,1.725,0.015,1.4903906267343694
2216.96,0.547,1.673,0.017,1.3644160910192142
2216.96,0.545,1.937,0.015,1.1069081695610499
2216.96,0.559,1.598,0.016,1.3077548781866866
2216.97,0.533,1.987,0.017,1.3124492750712833
2216.98,0.554,1.595,0.016,1.2394149518148019
2216.99,0.501,1.742,0.019,1.309332866843939
2216.99,0.532,1.526,0.019,1.2934385412733043
2216.99,0.536,1.941,0.017,1.3838599365148743
2217.0,0.559,1.725,0.015,1.3924669769606979
2217.0,0.566,1.962,0.016,1.3991994873927025
2217.0,0.524,1.921,0.019,1.4064504713345873
2217.02,0.571,1.89,0.019,1.3222700627397723
2217.02,0.562,1.886,0.015,1.1459335921581717
2217.02,0.538,1.925,0.019,1.4143693228200762
2217.02,0.592,1.509,0.015,1.4877125478784317
2217.04,0.534,1.662,0.017,1.3719938121965956
2217.04,0.567,1.722,0.016,1.0235042987789318
2217.06,0.576,1.905,0.016,1.17050569926467
2217.06,0.551,1.865,0.015,1.1441147166798966
2217.06,0.587,1.911,0.019,1.2313940087489668
2217.06,0.503,1.992,0.018,1.4285418535759795
2217.07,0.51,1.504,0.019,1.1790183927394682
2217.07,0.581,1.869,0.015,1.2219892513660384
2217.09,0.566,1.61,0.016,1.321087579730485
2217.09,0.514,1.96,0.016,1.2695172941821176
2217.1,0.571,1.673,0.015,1.4887606632043933
2217.1,0.551,1.802,0.018,1.3189758209552906
2217.1,0.579,1.522,0.019,1.1696090178790848
2217.11,0.581,1.749,0.017,1.186160813572132
2217.12,0.554,1.728,0.016,1.17148601889363
2217.13,0.541,1.693,0.015,1.2174261059318192
2217.13,0.579,1.779,0.017,1.2925162119986522
2217.13,0.558,1.837,0.016,1.4211745040589425
2217.14,0.569,1.904,0.018,1.3480686837627207
2217.15,0.545,1.726,0.019,1.4238129901911554
2217.15,0.558,1.879,0.015,1.0613179962506802
2217.16,0.539,1.673,0.019,1.1230539410803273
2217.17,0.576,1.942,0.016,1.3054104045970734
2217.17,0.515,1.561,0.016,1.3085275108351238
2217.18,0.579,1.965,0.015,1.2654905283935665
2217.19,0.597,1.607,0.019,1.2391663825280275
2217.19,0.536,1.629,0.017,1.390066481442736
2217.19,0.594,1.599,0.019,1.0041536168105467
2217.19,0.568,1.733,0.019,1.4895739310745915
2217.2,0.58,1.521,0.019,1.4015259571327174
2217.2,0.566,1.959,0.018,1.4870099973196587
2217.2,0.592,1.74,0.019,1.1897751980161237
2217.2,0.536,1.555,0.016,1.4983410604329666
2217.21,0.581,1.627,0.016,1.3919270359161968
2217.21,0.589,1.87,0.016,1.107478425910109
2217.22,0.539,1.641,0.018,1.2748514821907375
2217.23,0.539,1.714,0.018,1.2109412101606072
2217.23,0.566,1.504,0.017,1.2509557540654495
2217.24,0.597,1.559,0.018,1.3402152355297299
2217.24,0.59,1.602,0.018,1.2500534855763612
2217.24,0.597,1.75,0.018,1.3430130785363732
2217.24,0.562,1.636,0.017,1.2587334576646114
2217.24,0.526,1.647,0.015,1.4359042353374554
2217.25,0.565,1.739,0.019,1.0452498887147166
2217.26,0.539,1.633,0.018,1.3340375065138106
2217.26,0.507,1.869,0.018,1.4860057091629
2217.26,0.571,1.742,0.015,1.4687922148753205
2217.26,0.512,1.877,0.018,1.010769584075398
2217.27,0.597,1.842,0.019,1.0164419076080486
2217.28,0.511,1.926,0.016,1.3081201952390489
2217.28,0.533,1.804,0.015,1.0385652162441183
2217.28,0.536,1.509,0.016,1.4560168849242987
2217.28,0.559,1.868,0.019,1.007799647438164
2217.28,0.553,1.882,0.016,1.184887178637067
2217.28,0.597,1.751,0.018,1.0507870271591497
2217.28,0.524,1.899,0.017,1.3561873158731679
2217.3,0.543,1.635,0.016,1.0287002616269927
2217.3,0.56,1.959,0.016,1.0485760637658346
2217.31,0.591,1.918,0.017,1.4558071712977356
2217.31,0.586,1.99,0.017,1.3212788531809039
2217.32,0.52,1.613,0.015,1.1762883079372413
2217.32,0.551,1.824,0.017,1.191702886804428
2217.32,0.576,1.809,0.017,1.379133751153898
2217.32,0.501,1.556,0.019,1.407395035883715
2217.33,0.509,1.995,0.017,1.3704656286139418
2217.33,0.538,1.758,0.019,1.1859524747399601
2217.33,0.544,1.598,0.019,1.0216412677620446
2217.36,0.521,1.874,0.019,1.2485295173052064
2217.36,0.588,1.977,0.019,1.0329157552752806
2217.36,0.551,1.646,0.015,1.055058160600126
2217.37,0.575,1.664,0.016,1.1650642299073168
2217.37,0.565,1.837,0.017,1.4753633406331903
2217.37,0.5,1.726,0.016,1.1744075542864072
2217.37,0.553,1.848,0.016,1.409447294917622
2217.37,0.559,1.734,0.016,1.3979215194775845
2217.37,0.576,1.736,0.016,1.3624586073698532
2217.39,0.524,1.809,0.016,1.4518819706495083
2217.4,0.536,1.709,0.015,1.3862026003490442
2217.4,0.518,1.723,0.018,1.2626159278976328
2217.41,0.51,1.534,0.017,1.2932611918516859
2217.42,0.566,1.891,0.018,1.196788671961312
2217.42,0.524,1.534,0.019,1.4800922789353028
2217.43,0.594,1.528,0.018,1.298813838245521
2217.43,0.535,1.646,0.018,1.420155791390141
2217.44,0.522,1.868,0.015,1.355984291594008
2217.45,0.568,1.758,0.016,1.2330139903104367
2217.45,0.572,1.554,0.016,1.4270935650934156
2217.46,0.567,1.719,0.016,1.2802677126701105
2217.46,0.569,1.903,0.017,1.1901868321398956
2217.46,0.596,1.607,0.018,1.2219490135638926
2217.47,0.516,1.645,0.017,1.096515667793005
2217.48,0.547,1.895,0.017,1.0888955976572803
2217.48,0.554,1.552,0.018,1.2128436320347282
2217.48,0.539,1.62,0.019,1.2385305487159721
2217.49,0.512,1.846,0.017,1.2358554307229874
2217.49,0.58,1.557,0.017,1.325909127819549
2217.49,0.543,1.859,0.015,1.0191295164313172
2217.5,0.553,1.6,0.017,1.2299751843007072
2217.5,0.514,1.826,0.019,1.4313865678983198
2217.51,0.543,1.749,0.018,1.2914318033469692
2217.51,0.588,1.782,0.017,1.0072515514803202
2217.52,0.562,1.595,0.018,1.086419771620903
2217.53,0.576,1.603,0.016,1.1943000243193949
2217.53,0.526,1.968,0.017,1.3507885163275046
2217.53,0.578,1.873,0.018,1.4856137309086617
2217.53,0.565,1.842,0.015,1.302045262972481
2217.53,0.584,1.538,0.019,1.2498760758807252
2217.54,0.59,1.553,0.017,1.467885198550934
2217.55,0.569,1.909,0.016,1.1185430562903806
2217.55,0.565,1.534,0.018,1.0286530107411547
2217.56,0.536,1.811,0.019,1.1170485102537746
2217.58,0.516,1.503,0.018,1.1723366103358774
2217.58,0.573,1.613,0.016,1.3023546321742812
2217.6,0.547,1.977,0.019,1.396698467000907
2217.6,0.594,1.79,0.019,1.1719070419663933
2217.61,0.503,1.627,0.018,1.1875971017589713
2217.62,0.581,1.642,0.018,1.0884866187109703
2217.63,0.506,1.763,0.015,1.4266549855911363
2217.64,0.549,1.627,0.017,1.116435327097054
2217.64,0.554,1.652,0.017,1.3495119273811322
2217.64,0.508,1.877,0.019,1.0002391677703628
2217.64,0.58,1.672,0.016,1.016830103128898
2217.64,0.524,1.703,0.018,1.284442830270772
2217.64,0.592,1.607,0.019,1.2245300144140787
2217.65,0.573,1.509,0.016,1.465039059036699
2217.65,0.535,1.924,0.016,1.4326114862523767
2217.65,0.595,1.915,0.016,1.3337622208007076
2217.66,0.567,1.744,0.015,1.2288704831674568
2217.66,0.58,1.799,0.019,1.198774711988739
2217.67,0.524,1.938,0.016,1.111929376035644
2217.67,0.56,1.65,0.017,1.2992400663041825
2217.68,0.59,1.846,0.019,1.4745070149984354
2217.68,0.516,1.592,0.019,1.1041742052961796
2217.69,0.512,1.801,0.016,1.0283042417247032
2217.71,0.547,1.819,0.017,1.1731062415669227
2217.71,0.526,1.555,0.017,1.304171896237556
2217.72,0.594,1.94,0.017,1.0466868591662888
2217.73,0.517,1.873,0.018,1.3338625241861255
2217.74,0.553,1.538,0.016,1.099804683909578
2217.74,0.589,1.995,0.015,1.4458368073547432
2217.75,0.59,1.565,0.019,1.4484871643174932
2217.75,0.559,1.988,0.019,1.3684270398918257
2217.76,0.591,1.553,0.019,1.0618977515608066
2217.76,0.599,1.992,0.018,1.2493882782542893
2217.77,0.537,1.782,0.017,1.2899725433382163
2217.77,0.558,1.995,0.018,1.3768735647323245
2217.78,0.578,1.603,0.017,1.1789380090950745
2217.78,0.558,1.895,0.016,1.2050177492210947
2217.79,0.512,1.725,0.015,1.4932616151497897
2217.8,0.513,1.751,0.015,1.096761420960794
2217.8,0.524,1.907,0.018,1.1139589999495334
2217.81,0.583,1.75,0.018,1.1235156549222285
2217.81,0.575,1.83,0.017,1.173832183061579
2217.81,0.501,1.689,0.016,1.0556473085310458
2217.82,0.595,1.627,0.019,1.399013006571285
2217.82,0.525,1.634,0.016,1.1910838084798518
2217.82,0.522,1.797,0.018,1.460535087799223
2217.82,0.561,1.834,0.016,1.398872867376801
2217.82,0.588,1.59,0.017,1.4811382875825883
2217.82,0.596,1.798,0.016,1.0139001248187756
2217.82,0.56,1.933,0.019,1.4277083493172398
2217.83,0.535,1.664,0.016,1.200461543808667
2217.83,0.541,1.548,0.017,1.081870064921076
2217.83,0.594,1.911,0.017,1.0394079464417607
2217.83,0.508,1.723,0.015,1.2932953077110345
2217.84,0.545,1.977,0.019,1.3893446553202824
2217.85,0.587,1.56,0.015,1.1384902811781188
2217.85,0.506,1.865,0.016,1.3162255012863349
2217.85,0.533,1.991,0.019,1.2695505113547902
2217.86,0.519,1.795,0.015,1.102739447955631
2217.86,0.514,1.602,0.015,1.4160829814749833
2217.86,0.564,1.523,0.019,1.1433049578723795
2217.86,0.578,1.819,0.019,1.1048493088680746
2217.87,0.513,1.541,0.016,1.1340785011179122
2217.88,0.545,1.65,0.016,1.3506317988106402
2217.88,0.583,1.898,0.019,1.2313537479772956
2217.88,0.511,1.503,0.015,1.1891374443664997
2217.88,0.5,1.834,0.016,1.3965504263791537
2217.89,0.545,1.983,0.018,1.0358256996358939
2217.9,0.565,1.583,0.018,1.0542553119023965
2217.9,0.548,1.647,0.019,1.4996290650877602
2217.91,0.553,1.83,0.018,1.3079034074401665
2217.91,0.579,1.754,0.018,1.179481258922007
2217.91,0.57,1.63,0.017,1.2577434756407113
2217.93,0.573,1.902,0.016,1.3052684373336783
2217.94,0.581,1.858,0.019,1.3228766238282392
2217.94,0.57,1.884,0.017,1.311325165675755
2217.95,0.565,1.825,0.017,1.1068575324249803
2217.95,0.504,1.544,0.015,1.0439364971730836
2217.95,0.515,1.973,0.015,1.3941162385285584
2217.96,0.534,1.77,0.017,1.1923854857948166
2217.96,0.501,1.555,0.016,1.1899180844435888
2217.99,0.58,1.595,0.019,1.4663619148678895
2218.01,0.59,1.934,0.019,1.0597798651401784
2218.02,0.539,1.617,0.019,1.4868829965229833
2218.02,0.558,1.788,0.016,1.309848598104732
2218.02,0.51,1.673,0.017,1.1165990392391039
2218.03,0.599,1.574,0.017,1.4713974690102691
2218.04,0.552,1.816,0.018,1.068625942047442
2218.05,0.567,1.656,0.019,1.1034277345860724
2218.05,0.568,1.933,0.015,1.026838162853624
2218.06,0.556,1.638,0.019,1.3299526406873223
2218.06,0.593,1.587,0.016,1.2162177278854764
2218.06,0.517,1.618,0.017,1.0173455924795565
2218.07,0.589,1.852,0.017,1.1430960340755227
2218.08,0.518,1.766,0.015,1.255725401983042
2218.09,0.537,1.725,0.018,1.3263946661622001
2218.1,0.552,1.539,0.018,1.188983646997931
2218.12,0.593,1.508,0.015,1.2683941025597711
2218.12,0.556,1.586,0.017,1.1468546961283912
2218.13,0.55,1.547,0.019,1.2421008577998185
2218.13,0.546,1.99,0.016,1.1982872397531144
2218.13,0.57,1.985,0.019,1.027019958697248
2218.14,0.506,1.821,0.015,1.348560570780769
2218.15,0.582,1.931,0.018,1.0745929492195314
2218.15,0.577,1.897,0.018,1.2486281967743236
2218.16,0.546,1.771,0.017,1.1904995434454007
2218.16,0.546,1.509,0.016,1.4649925658179277
2218.16,0.55,1.735,0.015,1.2136948923662105
2218.17,0.533,1.552,0.017,1.381523221192775
2218.17,0.563,1.835,0.016,1.3156135970157132
2218.17,0.573,1.62,0.018,1.1156808420759066
2218.18,0.514,1.675,0.016,1.4969509594560741
2218.18,0.592,1.935,0.017,1.4104929275729592
2218.19,0.592,1.694,0.015,1.3365569823512082
2218.19,0.525,1.663,0.019,1.2455118440274981
2218.19,0.525,1.802,0.015,1.1966679157927098
2218.19,0.575,1.96,0.017,1.3527849968485168
2218.19,0.525,1.867,0.019,1.0947143911631407
2218.19,0.532,1.98,0.018,1.0739933889620894
2218.2,0.589,1.559,0.019,1.4583684725963053
2218.24,0.598,1.624,0.019,1.0779767103242903
2218.25,0.526,1.731,0.017,1.1785638897621953
2218.27,0.593,1.989,0.019,1.2926854151234703
2218.27,0.592,1.649,0.016,1.429858395485895
2218.28,0.584,1.712,0.018,1.238139850048722
2218.28,0.515,1.809,0.019,1.1810628657924374
2218.29,0.548,1.827,0.017,1.2599228092051769
2218.29,0.598,1.838,0.017,1.3372554256022013
2218.3,0.508,1.854,0.019,1.0004567219866674
2218.31,0.575,1.754,0.019,1.406091764890658
2218.31,0.501,1.817,0.017,1.026368286366109
2218.31,0.545,1.97,0.017,1.029287556446006
2218.31,0.524,1.838,0.019,1.0279692781780516
2218.32,0.571,1.768,0.017,1.4171167045945818
2218.32,0.565,1.687,0.019,1.0916759539454197
2218.33,0.572,1.731,0.018,1.2820789394774454
2218.33,0.521,1.531,0.019,1.1249664674684896
2218.33,0.511,1.948,0.015,1.0382584770698848
2218.34,0.513,1.907,0.016,1.2743125587303223
2218.35,0.513,1.609,0.018,1.2399759721166894
2218.36,0.583,1.593,0.019,1.2024894362520682
2218.36,0.574,1.565,0.019,1.0866860413984363
2218.38,0.587,1.872,0.018,1.1568186087619434
2218.38,0.559,1.896,0.015,1.3496235159173844
2218.38,0.503,1.801,0.016,1.4048893251097985
2218.38,0.58,1.693,0.016,1.4664053134752126
2218.39,0.563,1.569,0.019,1.3766164237926786
2218.39,0.571,1.961,0.019,1.1309444260408088
2218.39,0.528,1.687,0.015,1.4510367947723397
2218.4,0.597,1.562,0.016,1.1800830311262982
2218.41,0.521,1.992,0.016,1.3295499397666477
2218.41,0.527,1.778,0.015,1.4112615168734632
2218.41,0.5,1.559,0.018,1.024177817968295
2218.41,0.566,1.701,0.018,1.1913995612303898
2218.42,0.569,1.597,0.018,1.0685742127501254
2218.42,0.583,1.501,0.018,1.3602872911403792
2218.43,0.547,1.607,0.015,1.3337462142394192
2218.43,0.55,1.966,0.015,1.0817448144836697
2218.44,0.542,1.605,0.017,1.3987982339742848
2218.44,0.595,1.853,0.019,1.3361624702563182
2218.45,0.52,1.692,0.018,1.0067224317673316
2218.46,0.595,1.988,0.015,1.3323856698427332
2218.46,0.583,1.789,0.019,1.120890520376518
2218.46,0.573,1.661,0.019,1.1729834302093032
2218.46,0.577,1.627,0.017,1.2733037155487679
2218.47,0.552,1.528,0.015,1.300434412883183
2218.48,0.513,1.531,0.016,1.014736249714267
2218.48,0.539,1.668,0.017,1.1928275439485472
2218.48,0.543,1.92,0.015,1.4449915047290203
2218.48,0.52,1.737,0.019,1.349678254543781
2218.48,0.55,1.596,0.016,1.1257122610098185
2218.48,0.522,1.678,0.016,1.1492781663744975
2218.48,0.554,1.639,0.019,1.1235917837925138
2218.49,0.511,1.945,0.015,1.1911153421668708
2218.49,0.557,1.591,0.019,1.495658642185553
2218.49,0.557,1.963,0.015,1.378014467732409
2218.49,0.546,1.983,0.019,1.319458088610555
2218.49,0.528,1.886,0.015,1.2764193649820348
2218.5,0.54,1.559,0.016,1.0940550643749405
2218.5,0.573,1.999,0.017,1.4350465736111533
2218.5,0.545,1.678,0.016,1.3716516941887635
2218.51,0.518,1.674,0.018,1.1016451280850164
2218.52,0.588,1.944,0.019,1.3671268934754952
2218.52,0.51,1.649,0.017,1.4305785710441599
2218.53,0.559,1.673,0.019,1.1329633927446112
2218.53,0.557,1.971,0.016,1.3597365670590533
2218.54,0.591,1.64,0.019,1.1893043802623526
2218.54,0.578,1.686,0.019,1.1869742788113864
2218.55,0.521,1.773,0.018,1.1564209922006248
2218.55,0.576,1.695,0.016,1.3802146797545165
2218.55,0.52,1.582,0.017,1.0436414936438523
2218.55,0.538,1.845,0.015,1.1872118942770014
2218.55,0.559,1.519,0.016,1.1182739669276651
2218.55,0.544,1.559,0.016,1.4958995597054208
2218.56,0.581,1.696,0.015,1.1945590557127472
2218.57,0.555,1.709,0.019,1.4983775494530627
2218.57,0.506,1.916,0.016,1.1686857932197385
2218.57,0.538,1.611,0.016,1.3514616791885314
2218.57,0.547,1.635,0.018,1.2258052625647853
2218.58,0.56,1.893,0.016,1.0332296978510875
2218.58,0.527,1.833,0.016,1.0163744992476174
2218.58,0.593,1.67,0.015,1.0832840527512602
2218.59,0.534,1.629,0.017,1.0995835989986702
2218.59,0.553,1.5,0.015,1.10176000612059
2218.59,0.564,1.675,0.018,1.145871880312984
2218.6,0.502,1.63,0.017,1.3821340565678757
2218.6,0.534,1.786,0.017,1.2094171592576584
2218.61,0.508,1.517,0.015,1.3468322663721473
2218.61,0.553,1.626,0.017,1.4882594492119616
2218.62,0.555,1.652,0.015,1.365625116171205
2218.62,0.523,1.668,0.019,1.0602176392093554
2218.62,0.556,1.627,0.018,1.1224714741490955
2218.62,0.569,1.946,0.017,1.0751580096952154
2218.62,0.514,1.969,0.016,1.1464274057957247
2218.64,0.546,1.646,0.018,1.2831769882053619
2218.65,0.513,1.67,0.019,1.2879392369791487
2218.65,0.51,1.939,0.018,1.3576507660576067
2218.66,0.507,1.758,0.016,1.2337191923599424
2218.66,0.523,1.955,0.015,1.1068289494520493
2218.66,0.557,1.737,0.016,1.385958404745712
2218.67,0.548,1.686,0.019,1.2984493770930121
2218.67,0.555,1.807,0.015,1.432880450564293
2218.67,0.581,1.952,0.018,1.3511525162356928
2218.68,0.512,1.761,0.015,1.0257479780746679
2218.69,0.503,1.756,0.019,1.2368338506946923
2218.69,0.549,1.837,0.016,1.3091912346530377
2218.69,0.509,1.604,0.016,1.0849930111257065
2218.7,0.562,1.532,0.017,1.174094212260301
2218.7,0.579,1.865,0.018,1.2033271900998785
2218.71,0.556,1.819,0.019,1.1976551868541898
2218.71,0.594,1.912,0.016,1.144562399235918
2218.73,0.544,1.77,0.019,1.2217486921368468
2218.73,0.542,1.847,0.016,1.4507260649368194
2218.73,0.52,1.996,0.016,1.4047449161886734
2218.73,0.576,1.605,0.015,1.1930090387649046
2218.73,0.534,1.93,0.018,1.353753815475978
2218.74,0.562,1.62,0.016,1.1354462889761505
2218.74,0.581,1.732,0.017,1.167357747216802
2218.74,0.598,1.989,0.016,1.2674062601193727
2218.74,0.513,1.741,0.016,1.0694205217222243
2218.75,0.583,1.598,0.018,1.3252603757621724
2218.75,0.54,1.952,0.017,1.4668539438234858
2218.75,0.55,1.784,0.017,1.257063683503469
2218.76,0.507,1.776,0.016,1.4531707514996621
2218.76,0.59,1.797,0.015,1.1896445026879792
2218.76,0.537,1.772,0.015,1.0186073168173642
2218.76,0.575,1.569,0.016,1.3902130949934604
2218.76,0.58,1.878,0.015,1.0128769849847608
2218.77,0.505,1.506,0.018,1.1915455158763828
2218.78,0.532,1.682,0.017,1.4977674851422802
2218.78,0.569,1.516,0.015,1.3434607622836179
2218.79,0.592,1.768,0.017,1.3459423942471993
2218.79,0.522,1.828,0.019,1.313476612040617
2218.79,0.535,1.534,0.015,1.4778698140818278
2218.8,0.557,1.723,0.016,1.1547898225300635
2218.8,0.544,1.923,0.015,1.121904890839828
2218.8,0.56,1.823,0.018,1.1303966043338776
2218.8,0.592,1.988,0.015,1.0357838224338753
2218.8,0.575,1.994,0.015,1.1579944234685209
2218.81,0.5,1.911,0.015,1.3401625676462667
2218.81,0.531,1.58,0.019,1.049888163004987
2218.81,0.55,1.523,0.016,1.3339370915704434
2218.81,0.531,1.688,0.015,1.3895150321077623
2218.84,0.58,1.562,0.018,1.3291075915397905
2218.84,0.573,1.774,0.016,1.483688282154793
2218.86,0.543,1.67,0.018,1.0193798584753966
2218.87,0.56,1.51,0.019,1.2834472086866207
2218.87,0.525,1.682,0.019,1.0748093228070137
2218.87,0.599,1.571,0.018,1.2014971520123456
2218.88,0.504,1.654,0.016,1.4793448060273948
2218.88,0.533,1.764,0.015,1.302781145202937
2218.88,0.529,1.85,0.016,1.3401568298452942
2218.89,0.559,1.652,0.018,1.0136270112069647
2218.89,0.509,1.749,0.016,1.3797574508011023
2218.91,0.564,1.964,0.017,1.2342927143141913
2218.91,0.544,1.76,0.016,1.1003862739930412
2218.91,0.527,1.544,0.019,1.0141717844811855
2218.91,0.506,1.868,0.019,1.4730842215447444
2218.92,0.568,1.73,0.016,1.3909490060888778
2218.93,0.582,1.931,0.015,1.4394220124603456
2218.94,0.504,1.53,0.017,1.4509089169095337
2218.97,0.583,1.891,0.016,1.3529826684490263
2218.97,0.559,1.878,0.017,1.0250911825281683
2218.97,0.501,1.587,0.017,1.445805587659127
2218.97,0.586,1.525,0.017,1.10594370933413
2218.99,0.539,1.934,0.016,1.2497628328522936
2218.99,0.57,1.512,0.016,1.179980443525414
2219.0,0.538,1.782,0.016,1.1143399474346145
2219.0,0.573,1.548,0.019,1.071025790696661
2219.02,0.508,1.555,0.017,1.2579441270880678
2219.03,0.5,1.76,0.017,1.1305568022118786
2219.04,0.573,1.954,0.018,1.0191676983347913
2219.04,0.503,1.645,0.015,1.3398817020307425
2219.05,0.5,1.825,0.019,1.4434973904295187
2219.05,0.513,1.74,0.018,1.2446850296435303
2219.06,0.532,1.944,0.015,1.2517568042553657
2219.07,0.561,1.869,0.015,1.37673165490619
2219.08,0.565,1.997,0.019,1.23142808894386
2219.08,0.576,1.636,0.017,1.376896364769895
2219.09,0.592,1.717,0.019,1.0808937573046606
2219.09,0.546,1.914,0.019,1.070695885164597
2219.1,0.541,1.802,0.019,1.4760913433574576
2219.1,0.555,1.885,0.015,1.1907116685446733
2219.1,0.555,1.585,0.015,1.2841909004246195
2219.11,0.566,1.567,0.015,1.4796462053742403
2219.11,0.58,1.564,0.015,1.2671170849103621
2219.12,0.533,1.544,0.018,1.364565836304703
2219.12,0.506,1.704,0.015,1.3199757968359431
2219.13,0.523,1.98,0.016,1.009161741148095
2219.13,0.58,1.955,0.016,1.3793780055635667
2219.14,0.552,1.965,0.015,1.489134345255472
2219.14,0.5,1.721,0.017,1.028234758340412
2219.15,0.57,1.693,0.019,1.307964883211803
2219.15,0.575,1.828,0.019,1.0109810356185736
2219.15,0.576,1.73,0.019,1.1942337888164214
2219.16,0.554,1.505,0.015,1.4891104019859527
2219.17,0.589,1.534,0.018,1.154900271902683
2219.17,0.577,1.66,0.015,1.2449639035610507
2219.17,0.593,1.51,0.017,1.1202967988621235
2219.18,0.599,1.678,0.017,1.2983924372636688
2219.18,0.571,1.813,0.018,1.3663938194853296
2219.18,0.502,1.883,0.017,1.2140557115365165
2219.19,0.509,1.696,0.019,1.3168037146827736
2219.19,0.545,1.556,0.017,1.3042652438662472
2219.19,0.506,1.526,0.015,1.456899492538613
2219.19,0.585,1.914,0.017,1.3133589215493606
2219.22,0.557,1.92,0.017,1.3997108303263583
2219.22,0.585,1.805,0.015,1.2042676475955867
2219.22,0.546,1.679,0.019,1.259192480255346
2219.23,0.512,1.973,0.016,1.434664685438948
2219.23,0.588,1.644,0.019,1.1904973831749377
2219.26,0.567,1.525,0.019,1.299517616324264
2219.27,0.513,1.519,0.017,1.0794717893901968
2219.27,0.505,1.607,0.015,1.4917247621539358
2219.27,0.508,1.533,0.019,1.2136648926287725
2219.29,0.579,1.696,0.017,1.3235143863490768
2219.3,0.542,1.743,0.019,1.3511850215545382
2219.31,0.542,1.83,0.017,1.2938917957773635
2219.31,0.524,1.715,0.018,1.219518895966916
2219.32,0.594,1.553,0.015,1.3094991425124414
2219.32,0.525,1.799,0.016,1.388046075404263
2219.34,0.589,1.847,0.019,1.119641959690852
2219.34,0.545,1.941,0.016,1.4999891693113119
2219.38,0.537,1.938,0.016,1.3233257426012641
2219.39,0.521,1.522,0.019,1.112424558303036
2219.39,0.545,1.651,0.016,1.0625179108759262
2219.39,0.559,1.687,0.018,1.1025833683909934
2219.4,0.577,1.921,0.017,1.0147021534197114
2219.41,0.516,1.604,0.017,1.2030312627637347
2219.41,0.56,1.593,0.015,1.1851562934325135
2219.41,0.576,1.723,0.017,1.4180237002360068
2219.41,0.526,1.692,0.017,1.0195108410188132
2219.41,0.592,1.755,0.018,1.4008733314036186
2219.42,0.574,1.678,0.016,1.2333877783810556
2219.42,0.53,1.777,0.018,1.429174840258641
2219.44,0.528,1.553,0.018,1.1253018986559473
2219.44,0.552,1.962,0.015,1.001695539330795
2219.44,0.557,1.747,0.017,1.4333086219072606
2219.44,0.511,1.612,0.017,1.348926383774325
2219.44,0.513,1.909,0.015,1.3790363240758963
2219.45,0.577,1.536,0.019,1.1823675662210171
2219.45,0.5,1.872,0.018,1.4933957350733065
2219.45,0.545,1.783,0.017,1.2339887379297583
2219.46,0.573,1.729,0.017,1.2664487845882328
2219.46,0.503,1.887,0.015,1.079268834656147
2219.47,0.578,1.564,0.015,1.27776406969328
2219.48,0.556,1.67,0.015,1.265989683834158
2219.48,0.522,1.682,0.018,1.1684065331425055
2219.49,0.513,1.706,0.019,1.3332838865958883
2219.49,0.59,1.775,0.019,1.1973294966400485
2219.49,0.527,1.863,0.018,1.0316390589164603
2219.49,0.599,1.631,0.015,1.3561079773538625
2219.5,0.582,1.717,0.018,1.065922329828692
2219.5,0.503,1.621,0.017,1.44957825819245
2219.51,0.57,1.718,0.017,1.2659076963560647
2219.51,0.563,1.996,0.018,1.0179093516050757
2219.51,0.56,1.864,0.017,1.4287560815387317
2219.52,0.582,1.691,0.017,1.428173130272471
2219.53,0.599,1.53,0.017,1.228687696457841
2219.53,0.502,1.641,0.019,1.07858045779053
2219.53,0.589,1.95,0.018,1.3194791374784258
2219.54,0.509,1.761,0.018,1.1586696535700118
2219.55,0.509,1.698,0.018,1.3622108688104924
2219.55,0.503,1.581,0.016,1.456419803239611
2219.55,0.557,1.93,0.018,1.3261536501062072
2219.56,0.54,1.651,0.017,1.3085242535270694
2219.56,0.571,1.625,0.017,1.4681991321475394
2219.56,0.548,1.998,0.015,1.1091890554992676
2219.56,0.58,1.713,0.017,1.073356477402005
2219.56,0.546,1.506,0.018,1.0510237034639964
2219.57,0.527,1.967,0.018,1.4775775380715177
2219.57,0.552,1.878,0.016,1.1592208827912203
2219.57,0.509,1.928,0.019,1.1977842719333256
2219.58,0.523,1.866,0.016,1.14767027617382
2219.58,0.509,1.684,0.018,1.0475204730818934
2219.59,0.595,1.525,0.015,1.021889981170534
2219.61,0.526,1.728,0.019,1.3967601056998444
2219.61,0.557,1.783,0.018,1.1479577434084705
2219.62,0.501,1.808,0.018,1.4033909560362015
2219.62,0.535,1.943,0.017,1.0297112919393605
2219.63,0.571,1.633,0.019,1.4146698386088137
2219.64,0.533,1.892,0.017,1.095394349632502
2219.65,0.519,1.634,0.015,1.3619487615753503
2219.65,0.535,1.857,0.018,1.0602781254924094
2219.66,0.51,1.986,0.016,1.0577347546325533
2219.66,0.545,1.996,0.016,1.0270856932615289
2219.66,0.545,1.758,0.017,1.1894348812570403
2219.67,0.526,1.747,0.017,1.1615092301629677
2219.68,0.555,1.545,0.017,1.0240472806959082
2219.68,0.51,1.753,0.017,1.3588321674586736
2219.68,0.594,1.884,0.017,1.1535834806911203
2219.7,0.509,1.923,0.019,1.4521587380840244
2219.7,0.593,1.504,0.017,1.3005401017204465
2219.72,0.541,1.971,0.019,1.0101883674169168
2219.72,0.558,1.848,0.015,1.1815067991911503
2219.73,0.553,1.807,0.019,1.3716665805441695
2219.74,0.578,1.622,0.019,1.3734813031001316
2219.75,0.595,1.708,0.016,1.146483652959889
2219.75,0.544,1.97,0.015,1.0889467027092028
2219.76,0.588,1.991,0.017,1.336694505077888
2219.76,0.573,1.97,0.017,1.2087002594923912
2219.76,0.507,1.861,0.019,1.483722709676913
2219.76,0.524,1.585,0.016,1.484761067093248
2219.78,0.573,1.537,0.017,1.048972759786143
2219.79,0.516,1.704,0.017,1.0203500598671433
2219.8,0.541,1.92,0.015,1.3704521303566255
2219.81,0.565,1.671,0.018,1.1711364561797408
2219.82,0.54,1.903,0.019,1.356852684706848
2219.82,0.542,1.55,0.018,1.387410044253907
2219.86,0.551,1.96,0.017,1.2822290910939766
2219.86,0.587,1.871,0.015,1.39137235268925
2219.86,0.544,1.721,0.015,1.2072417141081702
2219.88,0.537,1.65,0.015,1.2698396389620825
2219.88,0.57,1.628,0.015,1.1401556933143444
2219.89,0.597,1.693,0.015,1.0460921069177387
2219.89,0.59,1.857,0.017,1.4480178456552102
2219.89,0.595,1.503,0.015,1.4238195607377588
2219.89,0.512,1.522,0.015,1.3097216904544304
2219.9,0.563,1.861,0.015,1.3828192425104062
2219.91,0.564,1.821,0.019,1.367514686631481
2219.93,0.546,1.936,0.017,1.3066378843561197
2219.93,0.553,1.827,0.016,1.4188978076253087
2219.93,0.571,1.952,0.019,1.3752262229279006
2219.93,0.576,1.636,0.017,1.3037352878410609
2219.94,0.51,1.941,0.016,1.2163751646295315
2219.94,0.519,1.805,0.017,1.4249246697006708
2219.94,0.507,1.679,0.018,1.4715539615852533
2219.94,0.593,1.692,0.017,1.481186316245568
2219.94,0.521,1.906,0.019,1.060003367739982
2219.95,0.557,1.746,0.015,1.4568971163391045
2219.96,0.569,1.902,0.016,1.3667948359176059
2219.96,0.584,1.991,0.015,1.4941807828642029
2219.96,0.584,1.727,0.017,1.4666241114425103
2219.96,0.501,1.545,0.017,1.2568085243181528
2219.96,0.535,1.923,0.017,1.0424894417463062
2219.96,0.504,1.914,0.017,1.2233498976459252
2219.96,0.528,1.822,0.015,1.2759637996384356
2219.96,0.541,1.914,0.015,1.310311072212397
2219.96,0.555,1.796,0.018,1.2921348397978651
2219.97,0.588,1.756,0.016,1.3733877723544197
2219.97,0.599,1.655,0.015,1.3983888882509505
2219.97,0.513,1.676,0.016,1.0845559368105087
2219.97,0.503,1.688,0.016,1.120865145449193
2219.97,0.54,1.955,0.019,1.0370246582732632
2219.98,0.5,1.536,0.019,1.1455659161107794
2219.98,0.505,1.971,0.016,1.4454211337906373
2219.99,0.505,1.937,0.016,1.3715840684439065
2219.99,0.571,1.629,0.017,1.3345041546220233
